26060
21785
28044
43552
43473
33000
10273
16013
40804
31872
43163
6898
40424
34550
38893
6050
32831
17375
32359
6805
18627
2372
22521
2800
29553
13349
15959
7467
28835
32977
43563
33122
23812
2489
39005
37813
38453
17705
39103
22600
38729
38021
28186
19482
1610
1986
12043
40613
27226
13248
34343
14570
11097
22317
24931
3453
6882
24228
13428
13554
34648
7161
22493
36537
33361
18956
28886
10856
23817
43532
6976
39717
34661
8916
31358
27075
31166
6966
20755
29780
22596
16959
22913
36832
5458
3168
20792
16230
34475
29995
41713
29385
18990
10552
27725
17633
15459
2045
21008
18652
29688
23937
17907
38531
31998
10962
13181
40651
9165
12794
1350
18243
14225
31781
26440
1515
37728
34492
13701
5291
36432
24875
3757
30509
28518
22367
9376
5396
13585
18340
33352
8478
40025
42383
9629
5066
13893
40863
29396
27372
40853
15003
35136
39145
24424
32519
29563
20754
21041
1048
33218
10847
35181
23332
15526
24643
29052
41773
25576
4829
2930
40777
37337
42271
32707
35558
2586
26779
40084
41004
37864
36354
3354
26549
1123
41905
12584
23127
29715
13900
39314
37005
40472
34652
2424
10312
23322
16992
29758
1084
36906
41793
16559
20266
31900
39609
32760
3326
15815
12211
43572
4123
4050
6848
17311
21793
17242
18576
6500
32027
9883
9722
8836
29793
15298
41753
2514
38995
8180
42391
23759
19768
1959
12311
21948
20393
4884
22028
29207
23883
30280
32646
11355
16537
28910
5405
29732
27705
28050
36627
15576
6043
37377
1627
31298
10438
38437
9810
34985
3693
25017
18082
29389
777
26352
19205
22174
31533
41522
5804
19083
11136
22661
38269
7989
36745
9467
16558
5232
30734
7252
18475
1029
1883
28526
12860
22478
19166
15141
29373
25289
12287
33606
33093
6608
22833
4303
37772
15004
10332
27232
30283
39021
11544
40005
31790
8621
13881
8305
28628
6536
4926
13010
13327
1784
11317
22027
19606
1748
10900
37119
29032
25217
34037
1558
17229
20104
22282
39268
29009
36398
12445
5930
19771
12400
32587
32424
626
43467
19128
41974
1682
35016
28817
15025
15976
43682
31656
5687
13165
12429
15287
41384
11221
37395
40684
18129
7221
33194
7298
5785
18799
16508
30934
38346
22548
33542
10889
22123
5766
15946
4193
28040
30773
42344
7988
7472
15583
1117
8760
18629
1057
6205
15621
40760
36545
36604
18894
2396
42191
3306
21075
4539
13451
1349
19890
10470
31199
26027
23633
25342
12778
20480
10907
20333
17007
40558
3764
14045
15061
9829
21958
27946
23984
14801
4801
25880
23378
36167
33329
40375
12397
3892
20088
27009
2056
11220
7702
20614
2082
31536
14845
36350
22651
23731
21478
16514
41547
14070
24124
42820
37206
43170
1716
27077
2796
25322
28152
1102
27815
18473
30940
27620
21753
32993
2229
10124
21162
22333
23594
16908
10469
19510
23624
12312
40278
31959
169
7331
38672
33596
42894
8937
27729
377
640
20967
15317
35170
24591
41693
10753
1607
2899
15278
29803
37321
10687
27324
14454
6591
12799
31458
16153
24126
37208
26789
12357
6872
34124
29493
29739
29867
3397
27076
32074
24855
29682
38267
14849
5348
16785
33972
32766
16512
18496
688
24852
4975
25395
37899
24932
31359
30993
11661
12323
15987
17406
30838
7318
14659
41597
27157
25686
11718
35670
9593
2388
39606
17782
38386
23615
25676
42392
14980
41865
881
22459
17267
38904
15496
4100
13923
31024
16674
7779
1968
24212
34898
34656
20736
12080
36944
18090
4984
19421
17019
41033
14730
33643
42117
18259
33246
30144
39011
27533
17196
10071
42901
12510
32743
15758
16038
34704
28337
30437
33446
1134
27723
36525
11210
4581
20875
20955
25802
38009
7005
5495
17923
21532
1785
28618
2897
5251
12340
156
17025
39022
38272
43181
20434
23673
34394
43332
19145
35237
41438
14662
15733
1200
37504
2095
20225
18052
6520
32788
32781
12040
38482
6125
17011
20626
1801
30812
22461
28830
24718
2746
6364
15666
27765
37996
25870
15436
24319
24131
38997
9478
28254
31722
19979
30126
8753
19024
37939
37985
17246
23913
19944
27115
32337
30628
3408
42808
41271
32710
21567
31914
21318
31222
23327
15146
26429
39761
37015
11494
26279
2950
19105
15825
26457
6581
6065
1083
31113
35766
7260
30071
42750
9229
5671
7794
34692
7336
12247
11481
13678
36211
736
15822
12524
23403
37918
28227
10995
28006
1179
7533
4189
166
13124
22781
3905
25612
10898
43221
6605
33633
37750
4639
24125
43263
8784
23648
20685
10203
20726
1918
43625
27446
3242
26644
34702
8312
3373
645
27254
24823
24831
3644
43771
15701
15502
31864
12855
39919
31165
22119
30953
11680
39686
30547
18071
4129
29695
27085
8272
10661
28372
36063
7541
5800
14554
10461
10802
22962
37144
7968
21830
42937
5903
13107
31840
25415
40446
33043
38316
11315
27384
3410
21878
32168
17182
2355
33938
23651
43601
2711
19608
36676
26441
25329
40230
9361
4180
30163
35557
26640
35569
22020
29943
8487
26976
8844
31156
23936
42574
33875
35208
26504
4403
1400
33952
8918
40015
28944
38297
13847
22529
9631
8036
26131
13377
16396
22306
14596
7728
33822
21084
30281
5332
41186
42314
21899
40039
19782
29282
17879
31352
23054
41593
43443
14440
25611
39493
34081
19085
18201
34136
8001
39767
26684
15279
42474
17979
30012
41986
2600
41174
35394
41457
40691
813
32915
17096
23640
33742
30138
37893
16385
30959
6356
5717
832
40618
30402
8984
1147
29591
16709
24515
22487
22545
5326
7599
30555
17720
11231
39311
29601
16642
32575
29030
35633
33108
22524
43368
4768
10139
8436
14950
14590
38069
7792
27255
17561
29960
42019
27941
24964
25902
597
19775
6838
3342
36270
22137
10601
11537
36027
2298
40701
10656
13193
23144
33874
8069
2924
2844
1736
19429
35759
31149
27885
11036
27579
990
3201
23001
6551
12428
37258
4815
10711
39362
8301
8720
26801
6331
7345
25954
25837
2749
7186
6784
35638
28613
20627
28373
29362
6869
25286
35412
2223
25175
10222
5912
12521
33038
10108
3844
9140
26604
10781
17670
36960
9894
20529
34581
31415
32516
394
1852
4280
41394
40771
11401
26254
10199
16220
26760
33501
33353
20315
20029
26895
12419
8055
43188
4185
43022
11066
20162
31641
17400
22609
31431
18088
34619
37007
14341
10290
42595
13350
7509
41134
16608
15565
8184
16194
21902
3836
32419
4059
841
22817
18704
7710
24323
17928
23392
13255
4472
26639
6447
909
11328
7796
15855
33845
13997
39092
27535
10474
43302
24493
21868
5006
36612
40448
35092
29662
6964
33288
1763
19312
29395
12474
11179
16826
5575
40745
8536
42173
14748
34852
3995
24054
22113
36204
24516
12600
32237
20674
15512
20831
39568
11586
23
24348
5149
5914
401
42452
39866
20650
16898
16945
36705
20083
26863
33711
15520
20140
10227
25978
36367
4859
31235
11820
16906
36957
10794
10758
22287
26115
22176
37006
39352
3092
8384
38862
20930
29216
28128
28433
42797
28555
8831
33916
11340
3649
21869
21791
775
8565
11257
38271
23167
19436
9016
14122
30339
21107
7291
34140
30682
17451
5479
14613
42793
31637
31576
28800
32507
22422
43609
26343
13860
1217
27205
35945
33622
40705
17922
31286
32986
2666
21465
4246
41795
6751
21088
40548
18334
35311
36083
16843
11991
17875
27192
30961
20802
34697
35071
31701
32136
4630
35507
34546
40357
2240
37127
32504
24595
1362
17613
34380
20753
14065
23508
13799
28677
20362
15419
9051
26832
2914
11302
35010
23955
19457
23041
10186
10858
5754
38264
2566
24940
35120
29794
40626
1887
22103
14800
5001
16541
11620
36407
12893
6924
8510
2138
39188
35576
31529
40843
40939
18096
29236
35529
9837
32976
34660
42364
43437
28973
18785
4708
28412
17756
18399
7842
12946
13234
13948
20599
25364
38894
39468
34539
39377
19222
29318
37833
43635
26169
17697
19297
19116
8494
7279
20273
33683
13309
1182
27776
968
12992
18582
5430
43689
33507
34304
36938
27880
32095
7765
9638
37784
6609
24102
21247
7703
41451
22941
4056
34752
12491
7265
25385
24300
33131
24641
7173
2294
17770
16296
33636
31601
26373
15127
41928
30219
31061
30695
39137
4065
36558
33276
3949
2274
8783
43508
24806
4659
2156
24091
22464
7537
7567
38766
2143
1618
2057
27250
12987
29539
14722
27504
14882
29795
42584
35543
20474
40985
32886
2301
1379
15901
6273
39938
14989
29655
30569
34464
29978
26899
26388
36810
5420
17757
40467
28408
33461
2113
42630
17716
13311
3914
29687
35413
40661
1837
8674
15850
39908
38580
11584
11760
3089
18234
3070
15491
29929
7661
26954
2651
839
29409
33073
29932
30997
17211
38623
29171
36384
36093
25568
38567
1371
31895
19563
25058
24480
29064
28456
25558
36953
35962
25851
8431
24635
27178
1688
26367
6794
21972
2700
30322
27619
5449
31564
11255
2754
2872
34915
8695
31934
34239
30129
24081
13669
36479
42484
42239
17776
28570
26857
33703
38827
20526
8501
21716
36225
22066
14091
41020
26069
13314
4340
39409
41259
41994
28078
21494
43604
40922
978
27684
31120
8192
22070
6549
23437
3161
3283
6947
11078
42831
15297
4583
6385
5238
37137
31144
15841
12299
26358
19459
22476
1131
10960
5830
594
8201
42917
23165
20973
357
3567
2973
25088
40421
11102
39660
17283
12859
43654
41879
2421
8832
14756
13392
41837
2079
27481
21295
30712
20353
34160
34141
31002
38994
41277
33213
9579
28089
36663
36031
26143
4122
22774
15178
30116
3750
17389
16285
1579
41085
21279
13142
21602
13979
5108
13980
11682
36616
453
9391
11532
2991
13478
33314
32437
35776
18551
43083
35390
31177
14688
34120
1065
31136
2281
39323
38215
24219
43073
967
5631
43675
8919
3920
26915
37273
43037
38848
37593
27002
22766
5944
15568
40746
32414
6243
37263
43369
39483
8864
17973
11788
15757
41688
41623
23630
16551
23538
25875
737
10600
35483
17034
14348
31984
33208
38543
13495
13672
3495
25352
24129
4690
20118
10655
18301
31186
20410
30530
11002
27258
28324
18037
40387
24237
33426
32247
25886
40892
5522
24153
9315
10343
14443
39107
1906
23229
804
23148
43137
35849
38274
38534
17686
32533
415
37391
4103
41796
24240
24260
16743
11050
24971
24058
17637
30057
9335
34530
19969
26402
15373
24888
32446
26830
20014
38159
22276
32627
12351
23600
24782
43246
38765
23270
36324
38207
30983
42585
35098
3850
536
17276
16974
41889
16669
16065
4530
30811
24278
15598
29334
38134
9552
38698
19840
1174
16910
15089
24014
12349
39809
2582
10404
2004
32371
26798
584
13203
27138
15682
40861
9194
8999
12979
43526
33483
8678
15103
14024
35485
33480
27308
32200
33310
37753
14753
17188
23146
14352
14563
29762
1888
18049
11268
27697
10110
21150
1345
31920
36942
34986
33411
35127
24917
37959
37265
15076
42615
29378
2199
39802
10936
3797
27265
19582
40645
479
36298
15215
30797
24905
19912
6322
2040
19950
10575
10674
8500
37548
1481
39220
23190
34162
29917
7782
12254
8547
39381
36549
13434
33398
40829
38016
3253
19300
20532
7218
2096
5576
276
7676
569
14311
24275
41732
11693
26743
38661
17128
42023
41501
39935
2898
41529
25448
24448
38649
516
27461
31404
34088
32443
31037
18621
28064
8235
17422
24214
37292
35123
2320
1656
23002
17223
5432
32073
4704
378
29212
5812
22093
31963
11423
19707
42293
5620
36471
11356
5589
10772
42291
36930
33233
24720
14530
42183
567
20462
17698
11855
31388
39668
9274
7004
26597
13299
35454
36305
23257
34565
19583
29556
3623
16061
30302
37910
34018
4998
1703
24433
17889
6842
27855
38530
3027
13872
26376
16995
682
24680
31667
37128
9947
19221
12864
14641
4169
36394
34527
41012
27922
23429
28024
38015
2241
19438
25574
13459
23510
3090
41409
17519
36886
32601
2913
33272
31760
21614
18338
23238
18656
15680
17397
30215
30098
15925
15120
27624
38783
31645
9862
27702
38922
29083
37058
27466
3351
21562
37181
17673
22706
29367
1936
6683
11784
30723
37691
7417
23242
18538
23334
29512
33160
638
35971
3887
26654
42868
17396
28500
17960
6803
35506
20146
36090
26864
40083
14319
41278
38174
12869
21726
8481
39364
40072
17020
2270
5404
13550
21112
6517
28796
3635
18148
19518
23156
41829
1764
19957
31337
27039
43310
14997
19780
7681
3175
26965
19907
29565
11953
14447
18839
25829
24382
6671
25867
32918
12596
38020
26481
27740
2713
7017
13111
20805
26201
4172
18086
27442
43141
17536
8558
41397
27778
32036
27554
14509
33954
15809
42703
33013
27834
3442
11608
27430
35698
30400
24363
18085
31559
17092
36342
41805
11500
15349
31543
14421
17204
10219
7870
39876
2122
27074
21160
37478
34437
15908
42147
6554
8939
35855
19913
16466
3167
38292
13054
12294
25861
1079
42131
41521
17008
42897
30096
38049
23118
27744
39441
31634
20095
17244
35668
11466
12187
34685
27608
42361
31664
39376
11130
27486
7628
37845
4207
32922
7219
19939
10051
25935
31502
11201
4087
38173
9174
11662
28670
42776
28623
34340
4197
1710
17346
26579
21758
39516
31434
16572
34046
13395
21739
39125
28005
41621
16641
16593
18867
21297
25096
11368
2680
34337
13194
40312
18177
19110
42780
19271
17767
34887
28528
6172
11426
29820
25051
37587
30212
30429
38265
28231
11219
4382
15032
2021
3665
31621
16706
33895
16629
29648
18391
18439
20936
41685
13077
25181
29109
3302
21019
41727
43138
22344
14587
40654
35773
22747
23838
37517
3911
20976
24614
35575
10269
29815
37812
13590
17730
2504
29189
33275
32383
17935
17250
12317
25719
12853
42541
27053
42330
16662
41170
27179
3600
42618
36273
2556
43702
12653
3209
916
28467
17927
5457
32576
30013
43696
18396
11714
24393
3263
7854
11811
5538
11197
43492
859
18511
33387
22639
3368
3599
16543
36416
30433
29108
29379
29904
42769
22227
6624
37655
35917
30709
17348
22213
18223
1397
35567
1283
41006
40449
5760
9035
39287
38110
12012
37991
33977
38140
3299
18358
24461
32394
38749
39877
24542
11127
20500
41164
20531
5801
25179
35650
34574
34712
20586
43053
27397
23337
18711
1878
1836
33998
35667
32729
24479
37257
15258
41011
24018
30594
29183
25148
23796
36619
21825
32212
34365
22280
39439
5625
11489
10210
6345
1477
10727
19676
37846
28096
267
26553
36814
3651
16162
25739
6062
3607
19475
1448
21640
6961
29896
43003
29089
23523
18105
9102
26811
40158
793
6598
39365
30050
38819
8446
25095
17100
13965
28860
23571
29068
15172
35835
12492
23964
26921
31814
34825
19699
41704
34333
28021
27187
3046
21928
25934
40601
32878
41536
40291
6696
40690
43036
6423
31728
15231
28421
11187
35186
473
30037
32736
279
36798
13857
27958
19224
23991
37410
17253
807
783
12020
11766
42858
6264
30229
13348
21153
5630
19701
18416
9511
40640
9981
11655
6261
32972
385
27727
25267
17971
678
42907
32921
35926
35704
7104
39180
12193
28982
32904
32009
40660
14460
33217
32180
41898
8216
27668
21130
10919
9358
38863
32135
25745
7752
41418
22588
23307
43124
25424
1293
1384
13574
27632
10723
7102
35299
13047
23297
17470
6252
2426
38489
42047
4299
25549
40256
43454
25961
41393
39519
26494
23714
9783
12372
39904
22537
28203
1341
29102
25347
15371
9545
29446
41939
38307
28955
28978
9291
13063
1581
31085
26365
42240
43711
19077
42010
11686
7237
558
25094
40350
29938
31411
14803
24863
10215
42107
42365
34791
14274
42612
33543
34187
24732
37481
22089
18838
40818
41945
28208
37490
40382
35315
9268
8242
23849
21345
4615
28071
6808
11148
3187
16839
11337
38687
36269
10617
25532
30560
4844
37290
13850
22286
17648
4402
43666
5770
9983
8101
24854
12248
8113
18537
8823
3314
9090
26946
32529
4611
2593
3137
17449
38504
27260
2459
39430
40917
20517
43011
5995
31742
3286
19975
18693
26894
21261
16327
24165
24083
24209
41178
36540
34273
23283
22902
11044
42232
4240
27417
31699
111
16552
15400
32468
42832
39558
4412
27927
6889
37425
16027
14851
23687
32287
29398
22759
15389
2026
18971
9434
30552
14356
42095
26194
30522
39149
9089
19679
9845
7241
26249
42996
34795
35988
11000
41250
29853
4102
40445
3465
27640
7045
7548
39553
43095
18108
28548
39633
30575
34158
2268
42430
34399
22999
1731
20801
2764
9216
11380
16982
10145
21215
24547
40821
18038
42488
31859
8615
3208
3573
26850
38428
22614
31675
6245
29485
24989
29899
173
11909
8035
14323
5651
43574
1351
12800
14235
2145
8489
14952
26064
7734
11800
26179
18106
32254
20961
22977
35942
35746
24745
1926
23067
15992
13666
29571
31461
10638
10021
10090
18285
25196
22947
913
22023
11996
16248
6045
792
25828
4107
37495
7767
14507
32311
17314
18609
38391
42965
35104
13135
20402
31379
42216
624
3839
15964
1166
31324
27618
31221
11840
26316
38429
12945
2622
4248
8381
30332
17655
43269
1075
28014
28930
1464
12475
42829
33029
3580
3843
35079
14962
34716
19371
34153
42400
26781
11764
27978
32207
6
40247
19380
8767
20655
3589
4955
34467
14640
18826
18013
246
32090
36981
25740
1658
6530
13827
8164
31649
19952
21920
5973
39108
8887
19540
18569
22579
20182
41214
24437
16447
4314
5558
9279
25604
31572
20767
12661
21996
18001
19336
3041
4667
40028
4754
41906
33737
860
21450
2435
19964
39810
19742
6556
20956
16976
5026
27848
43127
5833
12401
12781
42608
18961
27700
17382
7556
1900
9942
43652
4348
39420
28293
5063
33850
41674
15233
29614
22686
5270
25161
1834
14312
17341
9901
1327
26523
33448
19214
4422
9255
38845
42709
3883
36595
26257
28239
27998
31709
32619
27038
21366
42639
13905
9078
40926
10223
35593
37707
38351
41909
17055
16901
27363
6437
35889
975
3558
27219
36500
20902
11536
5771
37625
16883
32119
29264
4305
43708
32894
5608
6232
10980
25538
17966
32174
19884
43737
32939
33070
32683
9293
21190
10702
18325
14478
22163
14001
7269
13087
18553
35174
4291
10447
26357
42736
24119
24106
22031
38202
20311
32924
5379
21402
16999
12342
39128
14157
36900
41813
33930
38854
28223
30233
32806
33545
28573
29459
32535
6061
39923
14636
21941
8265
22824
42551
19847
33858
6028
9122
19759
42899
20372
11214
33593
23123
43352
856
32493
2322
1807
5146
15780
21129
13017
34105
25815
21127
15840
17259
34215
28758
27898
2055
38737
39642
29161
13888
8803
22771
40581
27096
31057
43230
38227
15140
4749
33552
29879
2567
17905
11361
41942
25294
28409
33894
96
36296
23579
37735
24980
24975
23247
19274
40216
12997
31386
43732
29026
26646
30172
23684
12416
29674
16427
10855
16258
40799
5125
27284
17560
40546
25212
6915
38977
7204
14251
16757
761
31
4394
3699
24693
6139
29887
21913
11413
3848
33071
41332
32829
23140
37260
22216
4466
5559
2323
32445
1277
11108
22133
29355
40340
15262
413
32518
11595
15778
31083
17070
7652
18935
2317
11504
36744
5602
24117
30590
7409
31097
29659
43389
41941
5437
14013
40747
21452
34543
2309
36707
2007
32042
19587
11672
12598
28512
35729
40549
3294
5461
30286
1121
7207
42090
38982
34839
12735
10969
12642
10384
26578
38659
16693
3814
25830
37381
26786
34186
10752
27625
33035
36901
16916
23839
3938
41731
29364
11591
23768
22965
5527
42009
30241
34379
42946
12851
18429
34086
33580
34967
35138
38478
33287
27990
36777
23692
9877
8857
12984
298
1591
11349
14056
34810
12131
28233
3576
1403
39326
4807
15157
13367
32988
11388
1920
43168
41971
9338
39514
43472
16064
17805
35251
26274
39560
17059
39932
2289
40992
26698
36967
1473
9760
9546
422
18564
5167
35464
29579
43347
36299
18224
33755
6864
17174
39476
19031
4585
38965
23903
5231
36854
13600
35154
22319
39360
36819
27322
40156
8471
40502
33718
703
15446
28110
9782
5690
7510
17063
8830
23194
21095
4471
27084
15834
21512
38744
3909
19072
4866
37385
31243
32139
6103
1441
28789
23223
18228
6739
15636
19280
2697
31856
40807
34229
24374
9464
33578
14915
15655
897
32350
23484
13121
34184
34638
16073
43476
26851
38538
15559
18373
12567
1662
25143
27012
13538
787
2469
12767
36207
42057
40331
30167
41215
33615
11092
23851
12447
14183
32970
733
39396
34403
37462
42369
7704
38150
39759
24074
13642
30901
31319
23647
7383
28478
25834
4606
7388
2416
5490
2460
34877
34011
17908
19750
20740
6088
36910
11692
9390
13057
16807
27881
19819
32052
11237
36717
11431
19420
27573
8740
34276
25092
32620
20260
3199
8714
39841
14995
19045
6499
10683
5127
20388
2952
25780
24583
29531
18064
37628
26073
11470
8845
19141
13251
22373
17170
27566
17981
39918
9514
28833
17654
4161
9337
1567
21730
4913
38012
18571
31557
13264
6716
9594
20283
41948
24574
39664
15663
32248
2756
30876
25392
27717
5955
9243
3875
35904
18021
27296
9687
35055
17029
674
2925
10926
32402
17792
41750
36584
42785
40329
12972
39118
36982
12914
16846
21225
35581
26190
8512
24370
20886
17909
35066
16116
25854
41000
40768
39228
9605
41123
43350
20090
5414
9577
11496
15503
14442
13269
477
29404
23555
28653
42790
33419
38699
30477
16174
9178
12190
15741
6144
27409
1451
13043
24664
23469
31405
41792
19050
27451
42838
6709
16751
35762
39190
18457
39417
11642
23287
31642
34770
31395
2327
37272
11243
34012
29730
9569
42650
27377
23009
3992
26450
24741
20606
2540
31545
21991
32154
24754
37251
12166
9166
35987
11995
2162
34508
41351
37365
10522
12681
14300
27790
4219
27838
4505
3680
39119
25766
23841
1733
42610
32952
530
16649
18346
8124
1831
28523
21705
16332
38502
16036
12603
10509
25720
20072
28686
36834
11712
5035
2010
21387
34552
10712
22117
31865
3858
16688
33781
11684
17791
11236
23626
41614
8463
28459
6978
7363
28559
35791
6219
14992
35429
22591
9057
12128
34189
5899
35333
7700
25043
21656
958
42837
18898
2498
22001
42974
42789
34767
7513
36053
9836
27627
15668
11725
12194
35192
22744
26903
37004
19201
21719
4298
14936
38747
40945
34634
1113
17332
25866
30032
30917
31354
28300
42040
5517
41283
23029
31523
41686
38122
29038
42082
26538
8079
19102
1271
14759
27274
2356
25331
347
10184
25239
10620
1298
19752
38802
42352
21043
13470
16964
18241
39867
28043
30870
29819
38596
3671
36649
38612
11664
24747
14005
3310
25432
824
35457
26041
8225
15138
32865
7723
43042
24598
35914
41475
34653
33584
3001
8847
12286
35475
31230
23335
16522
36046
15676
23358
12752
411
25597
13935
38813
3321
40641
19590
17097
30489
11556
2303
23660
4458
23210
20320
3450
4721
6847
8979
11890
2964
15474
25496
42620
41508
37204
25939
21750
192
42980
11001
16931
1838
6407
98
6032
27156
24772
36987
21169
11008
37912
37909
16434
26137
42487
149
30588
15801
31457
1535
10815
24415
40405
28667
19762
7086
23197
20871
33424
21596
14345
22407
29596
8491
9099
6006
3023
4899
40342
17809
21820
6072
26398
16305
43486
40263
43401
30189
16850
29239
15785
9485
1563
3291
22104
32511
15191
34077
30481
20026
13943
39499
37298
21521
11566
2787
21444
19885
5652
32471
4442
29936
25056
1000
14585
9582
10762
2947
17319
9705
17243
28493
15247
3777
24751
20861
36932
31201
6104
27667
10784
21412
6298
30093
3123
125
38362
1100
833
10983
31575
7476
6494
19578
27132
13489
16778
11249
9086
8550
20390
10432
22329
41426
25355
935
15994
9954
43498
283
5030
20305
34042
19919
10504
876
21268
14804
11646
2212
33562
23036
5598
37326
7179
38356
24999
20555
17206
29289
8058
36778
20580
30615
18257
6077
36860
5486
19522
39487
980
27042
23374
1857
13562
38333
7606
37249
23145
21995
28318
3490
5551
9331
31831
27136
42468
7457
16120
35032
21063
1152
12537
16722
26067
29856
23266
34192
43741
33281
7203
26848
35051
35048
25461
37806
5794
39528
16207
7065
29627
42376
1011
29868
16707
18027
11797
3255
34758
36430
10266
34655
10125
22874
5410
30227
5421
23959
43613
29720
17619
19343
27025
31754
17948
30026
32668
14541
16321
30186
6856
25281
42997
9172
43314
21943
12085
25921
11402
7299
13089
8925
18735
35258
42835
3445
42935
20884
4326
3812
6481
16895
36826
8715
40493
11644
6421
13759
17155
18154
5345
35614
12922
34316
29957
19594
5721
16307
30451
21670
36536
24087
26408
37060
35779
33119
34073
11899
4378
20566
25995
22885
29401
31898
11530
27873
12884
4856
38017
2112
29538
1388
27362
29219
18242
12240
3817
34707
37546
35049
19894
7020
7000
34896
32460
34194
27992
15167
7379
36884
33095
31858
35137
33378
6110
2955
27980
2877
21422
40165
1755
40267
22720
5008
7801
15126
30731
8889
12726
24169
3491
13988
12233
39178
32384
2166
35164
34557
13547
820
12215
18000
11056
40721
10304
17392
10335
9932
20985
28867
4761
28301
36971
16870
38328
8922
32542
9566
19403
38412
17530
1425
13361
36869
33265
23048
22754
23149
6888
32053
22994
22667
40301
35135
10233
9316
17529
40225
25562
15709
2811
17733
8746
11230
17660
1230
40643
1903
7248
25890
13164
14944
10939
10863
2190
19320
42297
33574
4584
33184
38906
12212
31620
33585
26776
38677
11047
15272
7090
39851
21025
16365
15368
28772
19144
18751
37770
5408
5675
10623
31556
20323
38529
31187
26893
35920
11503
18607
21796
1790
14516
25981
21804
4420
10852
17179
39666
1566
2465
22551
27888
10849
21416
31349
33072
25695
17131
2576
6881
7052
6726
14295
28009
34016
35686
21527
27146
24224
15770
38473
33780
32667
28033
37790
36069
18448
19397
30724
39277
37097
6987
43028
11181
30618
28326
16550
14537
43566
11992
10313
34345
3133
10662
35388
37767
2612
16263
3327
14456
23767
14639
16216
29640
11818
8519
13256
19596
3396
15983
2468
33800
15585
41743
27536
7662
25691
8264
10453
42353
8647
13654
4012
31939
28752
20108
43657
5504
5297
27145
19595
11809
24689
20107
35695
9542
17152
6055
12991
6085
11473
40814
12760
15919
22615
29049
13687
11346
39625
19441
297
16952
11325
5466
10570
38352
19329
34094
6444
21430
34916
11363
11334
1987
41333
31169
43086
5180
11321
30910
13566
38635
21694
39244
15715
23277
36512
13341
14166
3267
9916
20395
19346
24605
18688
27822
17753
33929
33821
41807
12599
16917
18660
41448
12892
31160
34391
42766
8152
42066
22928
31344
32521
39158
40432
18515
27413
18112
20977
4911
12718
31525
37359
17502
32277
9960
31033
20617
7243
21226
37595
17420
28465
10482
28582
16881
33065
27028
37516
36200
21244
32378
27208
42824
21267
41071
3692
3402
21908
13371
10613
31291
3428
23151
19433
3051
36785
22578
11604
4573
35053
2945
14661
29014
17335
2868
24972
10551
10831
7841
39549
4191
33358
17074
21722
205
6317
33820
18419
33385
29242
28823
11852
4707
17018
30745
42811
29898
15889
12849
28120
29002
11833
1929
15383
27411
20697
1447
2942
10971
10418
25324
3281
32943
23463
38277
29997
3117
38971
17256
8221
11522
5655
7352
15562
17373
10177
2555
2378
14155
14812
3829
31739
39622
4223
20202
37881
31793
3298
27869
1063
1289
18570
13984
22315
8658
32109
2400
39696
25468
28777
38568
10395
19304
5864
3724
5814
20071
33320
16683
36212
5334
2119
37591
37236
1322
8415
1819
22421
12499
35095
34369
37259
2730
32177
6892
6496
40879
41702
19464
16987
3127
41404
30581
33463
8156
9253
8299
34422
23251
40431
41034
23602
12025
38148
21462
18638
35895
19920
5878
24791
3500
13536
26888
21407
467
11905
27017
7754
16148
22560
30351
41591
41461
4525
24839
41949
24078
14384
29884
15578
24004
8352
29711
11781
24199
8032
8334
25616
28097
40406
20358
14627
26524
19311
24452
1532
274
18263
41227
30382
21221
38868
37811
35125
20405
40887
9069
16658
37316
1679
15916
21194
9011
24034
11705
19505
8903
13710
40882
16349
30334
39531
27364
8171
42146
41992
34899
18039
2673
27307
30512
33968
42597
11986
25269
6021
38655
13526
11061
36498
9399
25646
33150
6305
38013
31923
31357
30121
24361
14217
5473
4031
37493
20553
10668
26632
22025
27474
39644
19491
14411
35690
31021
29397
21823
41381
21987
1498
28899
38571
10276
33732
17078
7267
43640
35358
21320
39449
6113
17111
3801
32838
40496
27068
7256
21284
33195
25721
3765
8590
23721
5819
31246
19275
22106
24483
41118
13653
15977
3166
14467
17934
20946
30758
19213
1253
13426
8797
16274
10010
11667
22970
4373
24740
24524
11180
43447
5750
38223
18471
32942
29623
23321
39777
35853
7369
9843
34720
31888
40748
25016
12819
6860
14855
43111
13665
8153
7750
29256
32373
11517
28144
23507
17620
26925
35444
5574
6371
2235
10370
38592
26847
31452
11293
24354
30634
28612
35578
28099
11732
18055
11377
13661
36870
1187
13667
31977
11434
21582
17478
18305
4269
26917
32759
14870
43432
3269
36782
10718
35784
781
17116
25606
31034
37026
16531
30567
38117
12783
13626
30743
18447
38103
124
3178
27159
20834
33513
14074
7762
30918
31151
22607
39953
5763
29323
19895
7094
2598
41492
23116
33598
10013
16696
4924
39329
24485
21717
16596
23928
5986
39209
35069
521
15313
27646
42316
25020
20212
13214
4669
112
36155
23972
31764
34542
40030
14464
25735
8613
29656
26419
36541
1587
11691
4115
19204
37913
43713
41251
6204
24830
3441
34470
12358
14186
2742
43595
7140
7978
1279
633
4192
42313
22889
36138
25135
29991
33991
29350
12856
36923
3751
31812
36478
17594
24411
26042
29270
12136
24135
12032
10236
25383
37952
26095
32048
40806
13553
38083
20992
42898
28451
39239
26459
23536
18911
28880
10508
12579
16239
27511
31731
19286
30558
36772
31844
18053
22880
7777
25479
40196
41755
19915
7741
23757
38952
35708
42816
35446
26435
32704
18743
39909
19597
30022
11871
32706
14942
27613
25071
23073
17668
36481
35941
21760
16506
14847
6269
13412
27551
30258
36451
39751
23881
35547
18120
4814
2222
36134
4834
474
3719
34019
11542
9342
42600
8284
21620
13133
34234
17945
14899
13528
5027
36712
32783
4215
11794
20638
14387
18147
30521
37984
22067
21420
11458
11835
1966
17652
34292
41976
27756
631
24611
17549
6102
4501
19730
3487
38191
8555
22318
4057
25667
42231
40198
8020
13559
29604
12982
33061
23234
18273
729
38517
19277
41506
29250
28414
24908
35525
10648
36145
17933
5526
21942
35956
26299
35522
8388
31612
25901
31367
9679
36163
15730
19793
5107
19852
14569
7616
43390
9716
4724
18822
14797
10771
18266
42727
25965
29260
25402
41738
34731
22778
16273
41766
34487
21474
40252
351
20060
21131
26628
19291
36601
16511
21394
34505
6825
38873
15539
18863
15382
22629
34514
38003
28564
24229
32086
30687
15683
16259
5972
13391
37418
5172
30503
24987
33849
22893
17839
19194
37091
25707
22918
40954
14302
17857
19774
15155
4432
19465
6313
29413
34434
39781
32992
4438
42686
26973
325
2645
13039
43358
26614
42758
3983
18410
7944
31691
1875
14057
41226
14816
13159
3012
13461
11958
19557
126
1944
4799
22162
3395
41039
1683
36411
40675
30884
23169
5600
36581
9468
31874
32583
15334
17955
9207
25018
36552
9262
2915
32570
10063
38233
31247
22710
665
20798
19382
32075
27845
43327
10456
22854
9204
38849
5823
31534
855
11564
26686
19766
9497
7917
29050
16863
40566
19918
17775
14644
11435
4861
11743
3469
2922
32217
30540
39732
18577
37147
21519
523
23876
7016
5187
17386
43140
41274
28550
100
15970
19335
14523
9794
32282
5525
32691
17157
15019
22477
293
11803
14823
12820
34578
43328
6416
11596
4201
1588
3683
1246
18065
29882
16591
26451
33304
21291
13163
40080
27743
19200
34167
10497
6514
36846
34185
15860
13273
30199
24435
41776
37324
21794
23273
39153
37331
18187
27269
19850
21078
13197
7973
12839
30607
26303
16771
9100
29848
25446
28497
24404
22331
1489
9045
28989
39903
13050
26380
24864
21155
5871
4571
5925
5453
20725
17151
36493
6268
20454
8963
6327
31892
5162
19866
2994
24579
43216
10034
29100
25594
30927
12142
40500
27853
19778
18899
336
16664
32404
9014
39704
261
37631
11965
26948
3617
35451
10390
14621
16417
28540
10610
21756
2869
13522
17041
27737
32203
33885
20573
16152
9563
4826
10953
5210
21388
6353
1136
9618
25083
14723
31228
2186
16468
11998
33245
17998
972
25062
43540
40860
27821
30717
11239
16503
17659
34489
2367
20040
17367
11889
20391
37166
14058
43607
15224
11516
26071
9469
38373
13770
42938
11836
29128
7623
42210
34859
19019
37900
9858
6579
22762
2052
39074
38281
37709
26713
31119
22498
29317
3631
4974
6791
16490
1449
8646
18133
6629
19410
32335
24774
566
27634
28724
41231
26602
31483
29488
33708
14508
30206
5356
23864
9492
23585
18756
10809
22877
27060
18536
38800
6290
33923
25733
26334
21475
14774
3890
11331
43441
41176
12007
35261
12078
29092
28303
5603
1262
26664
12962
38192
1726
15755
9958
24665
431
19645
927
6807
31031
32096
22246
24601
7338
19162
37710
32520
41965
35210
43253
19541
19413
26816
17240
23451
9214
25688
16587
6657
29209
34048
15403
11638
4071
21585
39316
27772
35816
27434
15548
16784
27433
25797
4702
21642
10694
3114
14032
12920
8748
1287
40933
25812
20832
26642
38266
16834
35761
19981
33883
30922
41116
11935
40324
39963
30606
22013
20717
23087
12092
39626
24620
15197
40347
41443
27582
1575
4028
32524
28873
8287
252
10977
7405
18056
3170
40783
2993
14415
19591
25502
37079
11075
27196
3861
42133
29517
20894
30357
42893
7328
27812
21523
38080
31364
12502
4200
22709
16200
11715
9212
22341
40649
30111
38553
962
42114
15531
9325
41988
3811
3101
25507
33485
9763
40063
26775
39939
8269
33368
2782
5163
25718
14218
34734
1483
43066
10533
9101
8308
43589
11499
29051
7098
31508
5868
36043
2677
31952
16861
16756
26225
15058
7286
33758
10499
39605
5678
9418
41566
26618
41361
25262
8190
9749
30727
3895
43249
24893
43688
26787
13556
1429
15787
22194
34262
32166
20331
14022
4288
31240
33719
28131
14466
25106
26477
28923
41460
9779
9463
15695
7926
14527
2437
1840
17275
21988
13576
13319
10498
29593
16924
37764
19812
11354
14374
27047
43121
4582
37149
8880
33591
33666
18972
21613
27109
30668
9730
24277
529
31608
27949
5452
17235
43720
41111
14143
10876
11587
21419
6670
17618
36747
41477
39058
17608
5496
11068
27588
39697
26714
26187
14010
17460
32345
12889
9010
15803
15873
39351
12903
17644
14444
39232
19844
42145
6565
38837
8567
6249
17742
6957
1124
10834
25926
4679
27390
19556
38620
2423
36061
9375
1488
451
14682
21884
889
11264
40982
22189
11396
15039
17039
18922
16030
13964
3065
28845
38668
41953
33887
8333
30350
37160
24356
42444
18268
19341
8274
37752
4433
31877
7408
17329
16183
41415
8776
36695
4344
38591
13601
9519
15357
42076
16984
16562
9076
24563
22799
6483
41853
39043
38209
16657
15458
43438
9309
20587
33889
6154
1141
25082
19826
36199
24517
17433
38851
34929
12280
4996
12815
25993
29692
20449
29192
40154
37165
17442
32466
3231
9439
11731
12743
41030
27586
30423
32002
9518
14357
2117
21630
22622
40775
13817
25547
30404
14002
37016
11479
31695
40674
42781
21725
5275
10054
25573
386
2376
35631
15658
42783
19056
15023
28947
18406
29680
10449
40004
4803
23313
35936
22434
568
15529
43033
20523
15727
1500
2405
43598
502
24881
30153
28358
10592
1633
5394
23521
22361
18623
14007
28147
17786
7711
15041
6424
4677
24535
36725
36286
36267
42459
24355
14680
14088
40942
22101
16441
30419
18435
34762
39900
20593
18814
35819
30345
25728
26102
6493
34103
20314
5037
29450
7340
25255
24141
27101
22687
39289
9080
37817
14085
16235
3550
12715
9294
39139
148
37769
39940
5716
11471
11292
20094
16126
27201
9146
4300
32813
42130
34110
17344
13150
24380
4357
34732
26321
13548
10264
5339
14577
8122
6440
24552
15256
5390
31463
35282
10961
32426
24690
28895
32794
242
14799
33374
25893
27244
43449
40280
28966
3772
36550
35328
11973
39076
17795
39267
6656
22500
22543
39142
27548
41234
21077
27424
3188
24253
41104
16665
16149
31821
34207
25042
34773
24420
5058
27467
16818
37843
71
31393
2958
21047
23459
6902
3320
21636
33790
22375
32422
3633
32364
2640
2173
14781
7891
39589
17545
43204
24016
35613
40703
11419
39821
5276
32001
24619
16844
25819
24702
17617
10127
17475
5745
16627
39744
17794
3144
37830
28920
30207
26362
20210
21784
36978
25564
6279
33001
13700
27771
34889
6334
21600
19930
22988
19018
32296
41519
39743
36336
26335
24531
27849
28702
21831
28149
12968
24805
677
16613
4258
34603
38073
8827
43742
40044
21533
28424
19354
38418
24147
18138
16260
26558
37510
14842
4671
38626
41816
17230
18277
38864
318
21248
16589
36356
5219
22956
27162
16875
23368
2038
34300
8460
9483
26220
36934
748
28674
14912
12180
27291
25371
33055
35521
19316
40826
35380
29594
743
38614
2397
30478
27803
33754
4641
36467
23910
19458
13597
41485
39944
40993
37306
23764
14138
1248
11382
15856
28321
38887
6336
29210
39852
29331
33223
33915
43638
4786
20242
12959
7456
26468
3612
20160
17270
30931
31517
1122
32928
29141
17825
28444
31723
36057
35389
14473
9083
29740
26287
43562
38901
12877
22953
22237
8580
26585
3684
33682
22148
965
43349
10631
26706
43032
31566
30603
9796
41651
20248
21306
30378
11016
16125
2885
16833
5985
37388
2175
9015
34250
6801
32636
29789
17860
5318
10743
1045
15915
3107
29837
35868
20190
11014
34165
32929
2495
26378
32225
14365
13476
13265
35563
27872
34633
30578
39713
13671
41652
10966
12965
33232
20306
38064
35733
7334
39513
19605
8524
42666
12083
26638
1233
30896
19244
36656
40416
23438
20274
32439
3636
34706
22776
32289
26994
19135
26968
3584
24193
34461
33228
33231
9360
23085
5075
7585
43084
5350
2524
22299
35755
24857
43693
21179
33764
32618
9407
7198
26223
22589
4480
15277
28894
22679
3846
25681
33476
13018
35448
2751
33267
29384
41143
25692
41979
18738
10188
14890
20295
43251
1522
3727
43398
31969
20581
23889
14113
12406
7539
8211
27182
39772
16947
23858
35421
29294
18235
35062
30747
13615
33308
41896
433
21757
27224
25026
27682
14931
7389
17082
1774
21665
42580
9965
18269
953
37677
23434
41088
32607
25531
28137
10230
1820
39652
27135
39551
28929
41516
33111
37580
9261
31345
38606
13593
35795
41009
23473
16815
34058
14446
6927
12454
33046
31273
20219
41579
19858
21837
7939
5469
39342
37786
1949
16042
35654
36089
398
12549
21885
22717
6663
43673
16380
39655
27537
15460
25899
94
38334
10775
7813
36996
18290
35131
20503
2169
29743
20453
3197
13594
36522
38395
20357
17915
41748
21050
33392
10583
22508
10616
8594
28455
1264
23663
39861
16735
18374
28568
12114
24030
12621
34616
35499
36007
43525
25099
15648
30655
36586
13455
34459
37320
42440
19724
35740
43471
15601
18209
18986
31947
35621
1548
38706
33175
12692
1792
22082
33185
11378
29783
34485
24268
4887
17265
35939
37780
3443
25508
34383
13324
4598
7475
20191
5329
26824
28574
39674
7073
34038
39532
36038
23868
17450
30192
39509
14309
1806
41454
36531
25938
30062
28727
24286
17162
961
42957
36000
25077
4946
15495
4425
11703
25662
20652
18246
40792
37044
14160
14192
13024
40419
22691
17755
8320
29291
26083
7827
5176
36262
40159
23844
19218
24048
25764
37117
2110
11373
28234
37715
14176
26025
2632
19634
30438
25850
17507
24991
11848
24936
24428
22660
38616
13266
5779
8014
40692
449
41769
36829
23370
26609
27742
30315
37988
39217
38345
33944
22568
18747
10094
40950
41427
29930
23616
12980
21554
14594
32817
6820
26147
5686
34866
18007
40380
31889
34002
26796
35861
42262
17759
16063
33327
7403
817
42172
9327
32110
32041
39309
32604
18675
32242
42626
41372
2287
25442
8862
25486
35165
12682
38525
31006
35097
25189
26226
8454
40743
4933
28826
35280
19664
10454
21839
41999
6705
17220
24706
43296
34201
16114
8163
33230
29017
9585
29048
32695
30064
24778
34624
508
24544
36950
33721
36461
27687
37894
4051
39547
4141
25898
12308
22232
21873
15511
4265
9680
14244
9538
5921
8375
43214
18155
21744
130
8377
260
35193
43656
14409
33206
36648
38552
7432
27521
31708
10008
33462
24647
32441
3876
11894
32770
18605
28593
18258
5708
43596
16059
12791
18720
30407
3359
5441
8307
3787
22040
2261
25647
24849
16679
43277
32870
37201
32306
23669
4398
5188
760
4365
28216
43298
1358
31603
28569
40153
16097
9639
29433
18546
22399
9157
41396
23237
38160
12385
40391
11829
12010
20879
18126
1508
31127
14840
29277
20839
26084
31919
16443
4242
17102
18058
37965
14560
8926
27262
38065
33431
25761
14702
19833
10491
22359
25085
2034
30505
21676
22509
41420
21761
26725
5016
11775
23323
40396
12384
7048
27463
32742
7580
30137
24065
280
29466
25406
23276
18140
18079
22569
40969
9213
4810
12751
32038
3337
24325
2795
37594
16303
27777
29913
33817
4649
25410
33066
38877
1594
32694
40318
18445
38295
43047
4763
12608
36312
39116
25792
30001
5836
17714
36496
854
23138
7643
3641
20289
11166
6018
12442
28325
9633
15575
43278
39987
24190
22456
18931
40308
29481
5300
35871
36437
20483
26900
35789
24644
2663
24610
24943
4337
37438
23046
6306
26212
2866
2105
12834
33196
29545
11769
5615
20038
32232
32496
18078
20061
16900
15376
30551
27937
2552
21667
11213
12244
395
10979
17032
30469
42214
21331
30461
26272
23737
38190
34191
9322
31826
19431
24697
20828
11228
16734
37778
11757
12541
41575
24311
34164
28602
37658
10001
25998
20869
7507
43606
1911
2184
34778
19620
8718
16364
25644
20129
14671
19818
26884
37966
2455
26290
17527
28718
40282
42429
11635
18498
33421
10660
7544
22079
8359
19288
1188
41135
29139
4485
23457
29675
10408
38599
29343
42864
24896
13437
27617
41402
32638
16170
27899
13233
34971
15296
32647
18123
26818
28274
25942
38842
5071
18591
28463
3919
26229
41087
2604
29374
16069
16680
18466
19713
37525
43336
9978
40167
23978
33356
3769
39426
42322
4370
10368
14116
39185
3488
1521
37339
23519
23341
39691
37041
22059
6193
18172
5462
732
22208
17598
14204
23447
4638
31078
9986
16545
35437
15401
29967
38600
35503
26532
15354
26983
40644
13688
31129
23330
37956
30038
43158
26383
12218
32819
3935
10769
40390
18048
33616
17777
2560
35057
15675
19503
25927
31387
10535
7795
41574
1168
26932
42505
65
33804
41930
15249
16339
1336
38440
21336
1127
23710
25704
21599
15202
16605
39371
36752
34517
12628
18733
30949
16325
5303
9493
43524
27860
25595
11371
22439
11247
5847
20021
19489
23090
24499
34220
29980
7197
24600
11273
25578
27678
16748
15793
29478
29832
15207
29658
15890
22905
31971
25178
27710
33042
23539
28188
5290
20731
8666
32790
5365
42385
16473
16677
32639
4920
8664
10923
20793
43705
120
1941
40627
20175
19753
16532
30842
29019
43072
6151
7850
29234
20209
23973
16639
5737
39134
12610
26600
41049
4178
9588
19349
42196
28466
11752
1227
31285
35317
3539
7021
32324
37277
42948
1994
33881
40242
18319
24302
19871
5221
38908
16636
70
25680
41694
38613
6538
6543
39224
33384
23366
10483
10682
21014
33693
13650
11865
5305
21199
18113
3246
15572
40915
17691
35980
15393
32332
13960
23904
21625
13347
7867
14246
18993
43600
11468
27320
16640
36803
31712
12538
12231
1251
12219
15600
22138
6691
12066
5591
25254
11132
17866
40490
8620
22899
573
22314
3867
35382
16342
20339
10356
36040
316
38829
769
29880
23409
22085
27439
38559
24694
29564
19197
25031
2202
14167
40073
2494
14262
19854
5506
23853
27993
30834
15132
37937
27966
33273
21146
19302
20222
37711
11507
1219
23966
21932
34575
13569
10635
26454
19777
31323
1495
39706
33893
22975
33319
11083
42480
8559
41314
15665
36502
10232
32279
36640
6547
28183
470
8960
18398
37440
39336
34326
14623
16173
21711
25708
31521
43060
13751
10764
43024
22643
9023
19099
33529
3970
34588
22230
39976
23418
18701
21151
37505
39888
22321
23586
12347
22052
23285
17672
6369
10112
21814
43533
16286
41471
35240
32392
4853
9131
12533
10272
38206
7025
35550
3285
27495
21023
41161
657
37262
31137
19773
9151
28999
3689
17287
18379
17752
4499
36239
8737
12239
27952
27106
6294
32458
2375
37651
18906
30501
42599
19374
9592
26329
11029
9690
13864
14461
17653
36019
33890
8941
3715
34708
3002
31827
40727
37367
40935
9812
10443
36050
16363
5764
6680
5585
14896
5933
32400
24646
3474
29616
9562
32256
19037
41877
25572
3233
18581
2180
9846
2733
4576
7532
15105
13479
14859
4559
38109
33847
15170
11534
23613
3948
18180
4967
29093
1212
40425
3057
15772
10492
7915
27648
16749
110
41635
20192
27144
23715
6283
21678
32062
25555
5970
9334
22313
1930
20010
2476
21442
42525
22748
38341
9001
21222
32719
16513
13793
42955
37285
29311
11941
2103
42494
42119
27275
32678
25312
22021
917
24002
16018
8261
28689
38669
30266
31518
9061
30912
31450
16871
12071
5056
3226
10773
14248
13765
43274
24969
41966
21647
7085
518
3610
29472
3162
25601
13551
28366
22971
15489
5046
4397
3505
14505
26356
25836
14690
23795
4770
9259
42870
8561
15813
2279
10386
519
26768
4808
40820
34407
5692
7534
13051
11920
29010
36203
9021
36439
21183
9756
37785
17104
6874
23084
26413
27635
8291
9797
36730
31429
41106
4276
43018
39845
43342
29515
20448
15839
13282
33323
14162
22433
20785
34506
24307
19029
24234
15499
28490
2335
39700
21319
23765
38439
14053
42025
4168
32219
18739
8786
15405
1210
32574
20034
23879
37529
36631
7839
34496
40722
30472
2371
36101
10156
7382
16134
11947
38396
1247
34313
9162
8022
10673
2698
25240
19007
34611
27330
23658
5248
40113
20882
21009
14117
5230
43381
21591
13274
33024
38425
24481
17445
13995
32578
23369
12334
40537
29733
39307
34142
5041
23627
3533
4241
26970
9943
15228
3262
6266
32278
12832
32338
25127
4610
12756
9640
37080
31299
18412
40923
23101
25257
17356
38657
23515
25798
31296
35723
18430
4986
43555
19989
14891
29821
4213
13800
3312
21588
23667
24984
17540
6351
14583
2457
7888
18548
35502
29035
27441
10501
18252
29434
12932
23464
9647
17890
4508
35905
43482
33654
37809
9047
5208
43575
35490
40529
25963
39699
180
21220
13983
2065
17616
21207
17214
21895
33297
30591
41588
31715
16433
38609
19940
15348
43239
27370
25999
38302
27241
37821
27532
11276
36939
10247
2456
22800
40642
34024
29574
24293
57
1355
2997
15577
4745
20867
7137
27281
19853
1538
28311
29272
8319
4711
40899
4067
4119
38872
35385
34159
36792
29975
11149
20653
7953
32132
7937
10885
15074
11779
14809
21438
32321
14528
30763
39925
28571
8818
39981
43142
19974
31605
2233
38335
33407
6843
784
35298
10103
19639
7799
30726
24157
23934
7057
41847
37345
188
33729
41229
32275
23696
3372
11824
3758
7044
670
40328
22235
8251
19173
23252
7180
24578
5913
7685
17154
12147
40606
35734
34827
24056
37449
29664
4009
24753
28340
27545
33661
19859
9677
36863
40562
40534
1620
41339
24567
18887
38755
19862
30614
21156
40466
9436
22713
11118
21227
20431
32299
13316
10780
10992
30767
39946
30996
33423
21251
11342
14907
8331
36015
26738
25275
1673
24960
42767
13072
14451
29411
37459
24111
14739
23643
6802
24939
39875
4877
28247
3957
7883
42625
304
16955
1164
39494
28389
38367
8557
16299
29677
18809
35908
33262
32134
39872
17747
16527
35083
35820
32118
41326
31514
1434
40857
26949
14111
39199
21380
26673
41714
30570
5613
16318
7387
25712
19834
1130
36687
36340
16123
1004
22973
4120
36783
18040
36697
24992
6953
35887
36418
9662
6572
1772
40634
8464
1047
38282
16694
36786
39322
37768
41525
16053
24572
25035
21997
28843
30841
32391
5959
16578
41861
3011
30004
31043
37998
33901
43178
10132
38725
24026
32491
42342
16336
11863
7545
17106
26484
2420
12413
5181
13144
8879
31726
43734
40049
9110
22449
36657
35657
8496
8322
36327
40315
13663
6615
1189
29921
32623
9200
16012
799
27616
41514
554
582
36611
37278
9215
27724
13477
36761
43218
4284
1169
3743
6891
36302
1068
32234
16983
8186
7695
21002
1107
22806
38650
8505
37308
36686
38928
18655
37279
609
31496
34395
9479
7454
8349
37889
12631
21460
32544
37590
8727
2369
36664
8222
1486
42163
38157
14958
25210
2984
39204
20622
11950
26517
32214
15629
5887
28230
17315
32945
26939
25476
17850
19612
3659
23784
24337
13675
35395
17281
5004
5831
39692
28246
17419
27919
33340
42569
6595
30195
15913
13954
10626
410
21093
35428
7399
10666
8335
30203
37112
27248
10738
38681
31956
9975
42056
18589
30644
1026
4636
38773
31762
7639
28681
15069
36178
29071
14049
2003
25155
9150
19095
6117
16244
43455
15145
34251
30166
7222
4459
20591
14817
35167
17135
34828
31390
25536
19184
27709
42509
37011
37994
30370
10622
35330
5143
4567
362
43418
38234
6477
30188
24929
22826
14220
24501
26922
3424
10407
7159
22120
7768
238
39150
23200
2207
15026
11416
8162
27721
5530
26855
32591
26337
37805
920
695
36201
40109
18859
460
20299
26791
43757
481
14373
13791
37547
3632
35770
26221
9547
20542
17254
41223
19114
29637
8209
21849
37725
10402
29801
1424
3275
4654
12648
