48689
22582
38827
23456
5661
12072
46144
40047
30293
39992
27508
26062
49208
21224
43785
37227
36431
7651
5336
26198
23527
47287
41663
385
16361
49021
42993
5127
45306
21214
7180
46231
40827
7531
21161
41272
35833
14006
14868
22732
37333
19237
6187
37119
32463
16106
1584
38333
29695
24606
52051
50856
35989
24416
50191
6275
38201
32308
25461
51516
50226
35207
4001
18529
41994
43626
38989
53239
21011
23856
51774
31751
3849
532
53524
41870
42271
38239
20382
28517
9663
9813
53061
4805
25883
10348
43389
50735
27108
51583
3066
11892
31388
28910
50099
36305
37650
2578
4341
21774
26949
629
12331
52486
15610
40767
46218
33658
53410
14622
27249
4538
33996
49750
43808
33427
27922
27809
32859
4706
35656
8830
4994
6210
766
32509
46388
10026
12714
28779
53824
25216
13402
13940
29371
52252
28874
28302
7186
30621
25256
20653
40964
13305
28353
43745
37809
24204
31111
41082
31458
22865
49117
41307
34831
47635
36938
20176
15089
25792
32461
40662
16823
27205
34372
8113
3926
26546
30095
33793
36419
12917
12087
47345
52853
44803
12300
46113
15411
41681
17019
27964
50940
13761
33792
37533
28395
9185
48234
2050
28723
14655
34398
37945
21802
4938
29142
29830
38795
18965
41361
35723
28135
41426
27683
34193
42283
47630
4263
34206
25279
33179
16372
42808
12035
21726
22464
16585
37901
37966
33925
40755
47118
35555
24311
17858
28493
5886
40270
3988
28949
9977
29607
28816
6631
24999
46332
36800
4390
15098
20558
14532
24947
21147
45145
47626
30724
34940
47976
25005
47322
40988
43950
46940
46324
50855
51500
18438
35454
27718
11938
42882
15570
29853
2743
44223
794
5787
22536
50311
6019
47246
29410
45633
29993
5246
36222
32262
49363
13888
24584
48342
49837
37484
21622
51134
2139
37967
15679
33295
47867
20242
4269
48924
13495
48631
14091
19058
26239
5052
18436
42586
30248
53800
26654
5679
19565
22680
41968
44545
36900
34876
42112
25633
49774
50829
20895
13382
23124
27009
46141
32391
1215
52833
1703
38855
39765
1047
22232
38145
36715
50523
53826
45353
16087
32520
49811
20486
41077
14892
38681
30727
18469
18672
21163
2191
8452
4801
12062
38720
27934
9850
34600
27664
51677
32040
18942
29126
45995
3500
43708
35882
46527
31499
37383
22557
33261
12542
24131
17493
14012
1779
9257
37807
24013
34579
16331
13195
15228
25447
16089
7711
11480
24408
35076
11977
5738
43888
49841
5254
14369
43363
44864
42140
20901
29630
18896
43536
47100
33256
46224
25059
40434
21231
3074
49987
27020
25264
37125
19962
5883
44907
18027
34467
7092
10741
23888
29179
21452
46662
23255
14890
13622
23961
14762
10124
32495
332
31069
26707
23365
11562
45148
48446
47328
48461
5719
7174
10296
25598
24301
44980
49709
44454
53573
40617
42039
33270
2039
40100
33734
47173
53172
9569
4685
32036
16373
46594
27140
21766
31290
40995
22109
3563
24900
27566
37705
38266
25190
23481
14707
11564
25729
42323
21490
36881
30971
1042
8580
21643
1771
40929
37544
33187
36460
16341
14710
21518
7125
7864
6416
33190
50870
26489
39217
32753
41069
7462
22601
13523
13909
11320
48692
19219
44514
22194
14518
49332
11584
7967
37480
44930
11785
6895
48741
1900
91
35089
52725
20887
47661
8325
17391
48719
33501
48818
45942
6893
4335
22408
39310
9843
4774
35155
48011
51619
34392
23691
29153
49984
11356
20723
20433
3646
12763
5851
32253
3416
30669
35301
46624
30553
18113
48103
261
26471
20989
12792
29264
34903
12418
7678
28008
12193
53735
30261
16739
46900
43646
10320
28578
37674
17305
36203
52756
52605
35384
32162
49368
19205
5419
26905
6121
33806
6594
45364
2218
16490
40207
29021
13112
22379
2484
16053
42641
35057
7207
23953
38718
50266
12319
27972
20569
48714
34645
28229
27471
27287
19346
26132
31358
5354
52246
9214
29637
43152
46795
2357
19947
34902
22567
18738
53213
33653
13491
2534
33242
7777
1660
44958
24290
44397
33440
51321
16343
18722
4578
51398
40487
37558
2302
51264
50979
3165
52958
21013
33010
1457
19512
27290
14808
38641
18758
39373
44235
25114
20065
37718
21669
47841
10037
6959
7899
6163
22888
33382
20830
16152
26504
9041
11028
50745
42728
53116
20773
18170
260
24479
14895
40458
24008
32682
5380
13132
15454
771
53275
31905
1336
49056
13174
49418
17193
44842
16625
37823
36474
51538
9897
4952
16864
11694
15535
17636
36342
15594
4192
48028
9385
41820
47193
7905
9730
34809
49665
4921
49342
6182
23222
15148
35005
49062
36824
37914
39836
26291
22779
25749
45753
52171
14616
34183
17723
19942
46412
32602
52925
32874
24846
19826
50505
32247
349
44851
42636
22229
18604
4018
47563
9216
9460
10511
24272
40495
36858
11226
20762
28543
4568
14393
44135
4210
48141
9748
38610
44923
51019
44567
3815
11765
30696
40615
5896
47110
50247
6783
36243
51415
32275
42767
31523
36356
5959
25835
22089
37598
9899
420
20257
50619
45504
23235
31024
28483
4641
46069
40970
21900
39751
33054
27368
8009
29507
31152
15911
7403
48292
49116
7704
33934
31170
21793
42691
6583
35557
41939
17412
48059
31491
6397
48626
8883
50093
26607
44420
24598
23664
45721
44895
36078
28702
26935
3131
47216
12511
13414
1278
40020
30231
244
17036
38805
14139
4701
21604
19571
32774
526
40113
47871
23098
53474
22629
32576
1068
33685
46176
35961
29642
17261
18048
1817
17617
41645
47190
37583
53951
32363
49851
17526
11653
24121
44621
29190
18330
51787
18279
18654
44062
5514
30991
18011
24692
6501
49891
36392
22436
12871
8951
14168
17288
4662
48341
21383
40853
18973
27347
20656
7451
26265
48847
16312
39727
15475
52173
4712
7878
17328
21209
34414
12028
33912
35692
20815
44997
35897
46275
38817
15066
46063
17985
41068
20201
44403
33859
15609
19575
23433
33804
43001
49180
4957
15430
25971
47535
53250
27917
34827
29213
33933
12163
36995
4066
12878
2636
8496
51797
29101
5111
37075
27861
50988
20931
27121
42813
7562
21227
12100
43963
3018
41969
35938
46868
47159
8866
46241
2288
26368
24059
43489
51433
32802
4519
6778
52294
35465
49925
18524
48246
13955
40004
31966
23178
40706
7497
51479
23474
33363
53560
28503
26378
30893
47526
43652
5824
28463
15551
37560
9518
12510
53206
43896
24232
436
18466
36552
12954
30599
8735
18281
46302
21760
7744
40761
9643
46686
37715
12305
28027
32050
52366
8231
15269
370
10991
10322
30766
6671
5976
29800
52834
31898
49261
16259
20890
1522
29654
26751
29559
6190
48262
39556
52093
35619
5204
52779
9745
40195
29223
43807
9988
17533
24525
6492
30753
17135
37898
37370
50866
50204
39442
25021
21532
49079
16595
1531
30769
6905
52047
2294
41709
11424
33165
21882
24699
381
4716
33212
53821
5509
47895
34162
45566
25725
4141
25832
33364
42003
17769
49474
16020
31619
36040
16066
4721
7112
38585
9389
34558
21719
50925
31092
28213
9605
22594
8923
37467
30661
43897
37121
10671
45756
26040
48421
12634
44503
37886
21677
48239
45870
4670
20940
18715
36001
19306
17799
21205
13205
31416
20525
40331
18221
9306
6103
10668
36867
37835
16690
27507
53895
47595
48874
44177
44050
49682
247
15510
44765
37988
16869
10311
614
13090
11581
23722
22987
17901
43857
101
15429
39626
53207
7330
25254
48451
24139
43650
52027
24539
19383
52208
46074
2009
7501
24645
26096
21660
5755
38709
53005
42741
15440
42529
5240
33694
13351
34189
48232
37391
5312
6543
31660
5873
51755
44949
43792
46667
3448
19991
49114
31088
606
40848
17285
43819
46946
39452
32698
27661
24803
2584
8828
30556
12320
6154
50278
27243
22921
48727
23762
29356
31020
9692
34034
40064
53715
9412
5183
185
44633
35160
43869
36646
3708
30015
22912
44773
42014
51230
46497
12480
53827
52559
39565
26466
22592
51285
4888
52974
43179
2520
14077
52847
19939
38166
7419
35946
14631
38494
15805
21773
25112
50086
36139
35222
1015
27261
42898
17893
44216
40229
38073
36290
10455
1681
27800
36701
4445
14111
32787
29392
10985
28377
53235
51287
54016
1280
33277
16834
21626
8379
8207
20121
10178
34915
35134
18142
36039
46021
36648
27607
52332
34688
27702
5954
45154
51599
43317
21977
1588
48096
44261
30296
774
44871
18924
43044
23760
853
47645
33874
4593
29140
47562
2798
10847
53143
4795
25233
11027
13865
12265
34024
50195
41042
35875
6018
25167
48764
27232
11657
44426
38966
45769
45081
38792
48044
45969
3855
6123
49782
4497
11730
3224
8437
24596
13953
40657
41855
28958
26070
37413
16652
35871
30260
3195
31613
45513
47205
7741
52631
41235
32181
11582
10624
51154
6116
26888
28294
43731
49812
11343
40260
30414
40711
23330
40070
45670
38203
13010
11665
24222
13920
27673
7056
48518
14881
46131
52453
38457
48622
32575
14924
5353
9407
49055
34406
52161
7718
12724
35988
39219
13692
12209
18339
4267
20099
45332
48013
50287
4942
26673
2853
11351
28481
13374
1820
10150
20078
47244
46707
20761
2016
10232
13278
9120
46851
27839
19541
34007
46003
45450
10784
45657
4583
3639
11934
52674
16849
6680
13375
19479
33936
42486
37626
11880
21438
3023
32014
21470
51766
29456
10766
44707
42961
47194
30059
23529
2403
29046
43349
8856
29979
51475
24322
13667
41675
10405
14668
32871
40180
37163
26563
40483
32323
51821
27160
18555
1269
11085
35418
40816
2316
33879
12904
7935
27842
8087
34529
6781
43100
27233
50606
3933
46156
1708
78
51366
1571
34169
36440
42397
2114
43692
22885
50526
30441
6331
44769
53672
36319
18772
4690
33974
15424
16024
11520
35706
47052
27246
28133
41433
48210
47736
10611
7826
21289
18691
12767
27092
39857
51420
34871
37573
19710
5454
2181
719
32346
2338
52228
23134
25103
45409
43880
51993
29438
41269
15702
43170
49775
3011
15674
16997
11996
38492
36309
44774
20214
33885
34923
9115
2111
18140
1850
42133
50094
46588
45195
7640
43948
27609
12754
33437
12092
29439
48978
24925
32242
30477
45324
7546
8028
36408
16783
2179
14495
33755
38568
17796
43072
35239
46855
46151
18866
7175
51707
53315
37099
20491
26577
49064
6441
5860
11693
1163
10035
45645
5470
39647
26575
9875
17046
7344
35789
25546
39242
30034
3967
27943
5129
47111
2660
36664
37754
30711
7130
36503
4230
8321
35032
8657
41140
22346
33799
4243
33337
30712
10949
40792
9065
19865
10585
10609
35064
53667
6147
11126
13464
7978
1296
20273
38504
21098
918
50599
37601
50640
9814
4139
7298
53484
35697
25762
10201
14283
28846
48276
30490
16414
47692
13529
28405
21521
46406
6922
28663
47683
51276
24004
52972
25531
29487
26692
6289
2855
51109
28310
31354
23228
50029
6696
22181
34038
53161
30977
33031
43215
12784
53572
36006
12178
41824
48348
49034
41079
24486
48330
6201
39082
50810
50055
16246
44251
16792
51579
43831
1932
29726
20583
47717
8549
29276
40636
43097
31401
11445
20467
16715
49092
41664
20564
50714
53967
25472
10365
37655
32556
9486
6404
22406
16049
23334
27163
12504
44880
24809
9625
19548
27756
50896
16809
22940
48763
43982
23639
47389
7871
27999
28827
48298
47130
47856
46537
23765
44232
28592
50236
47377
29647
26457
2054
32217
53259
26071
38986
16428
39603
8145
6305
3748
49552
44894
31031
45142
30866
22771
31148
48849
37134
1133
9581
3899
22898
31684
13884
13846
32997
41327
27906
1752
50190
41589
27171
47669
2989
30589
46539
15835
41689
4907
44905
28206
48322
9650
9019
17250
20849
12984
9026
9803
32264
49737
46099
33246
48084
13065
16425
27758
15190
43823
42044
18488
5991
4376
2970
21187
24073
4096
36237
46937
35073
20105
29855
21574
1310
14355
28183
16897
10920
33609
32689
14687
30925
38856
32517
23478
2667
51857
26729
19039
22413
10181
833
17695
40172
51029
2728
6524
26974
11667
47254
1977
41825
11473
18255
2101
44398
19805
33008
27465
11704
11446
20659
32047
6669
5344
16480
29451
10777
50532
50383
35250
34495
44605
32470
40054
29440
7536
48824
53225
23825
38689
22939
41225
45177
42567
9226
3472
46405
31914
29252
24800
32120
48540
36575
24979
31749
42288
25334
43066
11616
27470
11358
49873
2543
37624
15140
40543
21830
37760
45433
4282
29955
3153
22452
30137
38428
14044
26496
53255
18905
25394
37764
49666
10968
24388
23905
40096
31101
36195
26123
52258
1639
4865
10018
48087
29436
8170
44883
17519
33081
17366
47665
48327
13541
53970
27882
1255
31392
28558
18569
45546
16250
19162
2848
12836
10860
21410
46898
34528
44146
53240
35520
13069
13966
20891
50772
49463
17755
49502
16543
28882
30909
48184
27487
22946
7632
26553
3118
25371
30098
15997
915
13015
31561
33284
46927
42233
17857
43713
38156
32904
3063
11944
31514
51220
45751
19315
23125
24464
48428
24002
43525
13308
32712
16396
35431
988
37177
26484
35414
16409
51822
11500
27303
38750
38816
51058
29675
19750
32340
4793
11778
50547
34260
34378
45844
15011
43952
29591
42928
18888
44708
44293
40376
3214
35133
6870
14431
25321
15103
43825
30299
42723
23028
40304
24978
52904
30069
43289
33935
38529
488
12921
24068
45498
31993
14146
29028
50683
15890
15383
35058
24543
41411
32888
11935
25416
12690
16476
44675
29710
20721
30536
26579
36605
45036
2597
26630
22755
32351
6644
4203
13850
47070
21342
10990
34786
28836
25227
750
53770
6410
5064
49185
14613
36560
17355
49788
46730
16598
26115
51686
25456
37543
21984
31837
26726
41455
53568
43790
17502
19607
3812
38228
9944
19126
41957
6926
51731
31932
38995
32076
240
23672
27539
2581
50448
42839
50613
44624
35051
25929
16648
39055
19867
29902
15830
14676
5150
49461
50719
29275
46068
31077
18649
44589
5722
39095
37474
31890
38101
26376
6860
45914
41313
35483
28876
34648
22874
23699
33044
15722
29840
45249
40130
31441
2275
24971
10691
47745
18969
32605
37354
13936
27548
11512
48393
5960
24992
15714
20494
155
49179
47750
37529
25529
28566
24373
38984
24116
38588
46082
14883
42291
20719
26896
14268
13748
14427
21646
22878
20945
48178
31030
38336
35943
36357
41193
26494
5294
49001
7781
29059
14291
31547
51406
23351
40749
48556
13188
44193
25353
12172
791
12503
37652
43368
40867
15861
22648
37330
14557
15860
32274
33498
13175
9653
45105
14899
34862
8615
139
34499
46103
13158
13979
53655
24018
33399
52499
48589
25102
43707
27669
1927
48778
17390
40611
36727
2816
38868
17884
30120
10865
12654
7743
10912
32923
26335
18651
39613
10010
24448
41215
25407
7982
53283
37806
15829
10216
26808
23536
37991
35761
21932
46666
7254
50945
43147
2622
7759
42078
26056
217
26051
48275
24237
3601
32737
47400
8052
20987
5190
29610
40313
21769
27565
24780
11067
41581
34942
5656
42128
1841
27113
11815
2314
22608
35518
2531
10703
10068
13280
17194
2753
3414
52814
27940
47001
16542
39874
52024
26839
19424
19682
5554
50614
31956
43994
32973
37373
25010
37849
30130
36313
50885
4982
5978
16755
30765
14891
1462
37671
37906
37440
33211
52599
26003
37286
41988
45097
10724
9877
1397
798
30444
18098
28013
46481
37288
3779
3316
48459
30397
3252
8255
15774
39665
46107
43657
7045
28067
49883
17199
49672
26244
588
5337
15326
45192
53952
32473
24284
14108
11881
52533
22427
28134
52988
48120
19540
51817
35814
53643
3401
595
47823
30567
12703
13356
25228
10079
53282
16407
24449
2112
9785
12213
24910
49006
11610
33415
2413
33017
41610
33050
13950
48538
4197
34918
45704
12294
37876
17337
4781
21450
53449
19674
22347
11007
19083
36137
23771
53853
32706
27078
43160
38191
18593
4523
42135
52879
22005
48766
23892
47068
40124
40700
26109
23930
8881
32337
4032
21947
9297
5653
44719
42417
22633
45953
37324
30983
12033
50493
49499
13022
12886
49754
43188
33084
20826
28991
51129
34106
36660
1061
32768
41771
20807
16659
39594
41607
31032
47482
12393
1202
13864
40305
46819
51217
17958
3728
30799
34103
18953
40989
47166
7029
3075
28550
39500
23303
41150
48517
10931
13041
25703
31495
27618
9248
9990
40069
38382
43504
30534
53956
39044
20236
27944
7731
11986
2685
42346
20910
44717
16549
53156
6864
38835
18800
36144
7665
37625
12468
11786
36118
29124
39363
5444
51228
18705
41562
22417
39021
39767
11159
23144
38470
53872
1551
48729
43382
42676
37394
6627
32799
18783
45728
32065
39184
1358
52993
10560
18630
4355
25689
35974
10005
47086
12945
40463
27519
41886
26385
12281
50019
43513
53822
51066
41897
44018
51309
1626
30510
46999
26600
50017
22243
1535
13379
43402
38667
13339
23981
45213
2480
38019
1880
21400
28380
53696
49081
51184
53954
50125
3216
2804
19242
29841
18820
21364
34578
34589
17478
8149
27324
5327
27292
36315
43908
36636
36678
9634
49440
49901
38863
31759
31606
39178
17483
13197
29882
45789
5562
37750
978
53775
16208
1745
46188
40879
41551
45157
27749
38115
12338
19796
15408
51075
36021
44447
33616
5544
31443
2326
43936
18227
8236
29555
42578
28502
8635
42924
24150
48899
38797
16264
16052
2739
40622
14791
13265
23277
21716
40373
3110
53185
16677
27879
24381
44944
31209
3830
2313
5234
15049
1092
42152
53633
21688
39234
12748
2946
23090
11396
32310
4922
34061
20107
30066
23833
7712
18882
6213
42499
52201
40065
4709
42126
37191
262
24756
15123
38022
17849
19588
24647
38331
3471
29569
31755
6211
41123
42859
25060
39201
33019
11194
3760
7442
4545
46333
27443
1242
27424
48947
40339
17701
48524
3403
45112
33992
51084
27974
47772
50601
34517
48116
31396
12701
43200
51197
10995
24111
31105
49422
3465
22735
957
22972
47301
14679
44831
24783
10688
13016
35951
31012
42747
6347
32611
20324
42625
37482
32049
47698
34410
53407
14773
29701
6623
10401
37730
44460
35467
22952
34829
23563
35361
17381
53756
44279
36372
28363
41806
575
30346
11959
8734
35809
18187
7158
39389
34236
9758
8403
19312
38424
53960
16754
36299
43361
26846
19054
50636
11741
6730
41613
9567
34200
27864
38443
9373
13438
48638
29348
51794
4816
42204
36854
10106
47631
4303
19824
17732
31652
52736
14462
1304
9619
44045
38194
19775
18096
18844
31280
5081
13552
15340
40987
33467
31234
14470
2985
42981
5541
50560
9975
12644
36310
18263
15334
1993
27870
880
8614
22095
16233
26091
31534
52020
25412
31481
45069
41553
1044
2659
3306
46665
41625
37635
5345
53415
32545
22749
51401
47153
14315
16733
38329
28634
44940
44243
51629
30347
9786
52659
10539
24066
5375
35150
35132
44912
50442
41673
8474
31314
43135
34172
36265
28866
48481
38631
13897
3774
31174
21675
49908
33603
13906
16323
25040
33257
12688
12089
5027
9146
47306
40682
25873
2919
35843
45849
46544
2342
16166
50379
3355
52780
16744
12635
13052
14496
14827
24744
50903
47362
27275
25032
18057
32005
14213
28833
29683
45182
10376
6042
51097
34357
11314
7819
32518
49416
24419
50462
7296
3915
20562
3978
49283
6434
52235
30999
46948
29285
17646
47114
15762
32133
12667
26853
40860
25712
33783
22310
29209
41049
16769
26780
37166
29527
51582
16593
34502
14033
25785
10540
31569
26946
14316
30051
46635
47666
25299
25679
2873
12123
52451
21602
43002
13282
27407
24394
33503
42425
2764
18648
41861
39339
3768
30693
17387
2268
3152
20259
9114
13496
25255
40318
11770
41649
4202
26637
47241
29001
19519
2360
27945
17284
37303
1231
8112
32669
7880
6944
3371
48550
16280
45780
1292
40669
26424
28014
9862
5637
17425
29346
3823
35499
25305
11206
27256
27691
29114
15811
14516
48099
5618
10229
15399
23852
44641
48770
23963
47949
34518
42596
22079
19478
37030
11049
42406
5674
25722
53229
9130
28674
26463
21758
16289
25045
1525
30157
24179
27927
50546
25132
21394
44444
23874
15550
26379
40351
20476
7608
53540
10858
28193
26945
24705
21776
26075
52215
50929
38092
18740
14658
10238
19303
22158
23731
32009
45050
31459
45997
49224
5205
33504
17609
27515
52452
20608
25223
25655
4950
22213
24736
37392
31235
50397
10446
4783
41011
13720
48667
37115
43879
5715
6403
28679
16828
7394
42429
13381
27182
6260
18609
52289
15088
3507
29388
42453
17354
27440
24313
45940
12465
51036
34702
50603
32522
12190
19331
54002
28628
11181
9837
36792
44166
17936
10553
30816
45956
21050
20750
32004
53599
20215
7637
18946
41547
26682
53205
47303
18530
47731
42290
24599
36517
22469
27912
1894
11558
34093
16175
20395
14916
31885
49677
8965
38923
25714
24302
30170
49100
34217
51775
48821
22501
25397
37187
39961
24771
4136
25951
11668
24986
12287
1859
13454
52604
19055
12093
23061
28831
26418
21621
4241
32508
2341
7023
12908
47026
29764
21148
38874
8563
25713
20132
49110
22777
9142
6180
43281
20628
29690
35260
37913
52097
26837
2965
3996
24461
5459
52752
48167
1616
35198
23205
17907
21440
29661
45027
6348
35646
17918
25442
43538
28223
20644
47012
48945
17448
16299
5721
36901
51565
22596
20873
48646
7583
39607
4605
24371
18273
31047
28971
5643
51597
36286
48483
31888
24926
32863
5665
31291
17171
16227
11914
15450
13080
36741
33692
36172
13828
32578
25138
36082
23793
18228
12379
37699
6782
45125
14288
9007
43568
28897
27323
39141
23653
30226
24181
24653
20585
45109
16588
36209
37952
6155
5050
24201
44691
36885
53753
49746
37160
24076
51215
24628
221
14156
9169
13792
15878
41243
4986
5838
30651
20085
24664
40741
41026
7030
38517
35958
50047
2631
45458
1134
41137
40218
35144
38393
16876
42893
20896
9691
34464
4581
51547
21217
43499
28304
33464
44928
4833
15804
18030
33843
38295
39700
46609
47428
36131
17784
31488
20576
39096
48097
21439
46603
27790
28059
34638
27768
38262
12652
26209
36051
39720
17047
42364
33654
26980
40511
4408
38581
33844
49850
50427
6970
13590
21229
47574
53682
46683
1235
49736
44143
32926
24441
22372
45968
3891
28957
34986
33802
26644
31628
31421
31114
46654
19781
20443
41414
52621
21119
1553
45661
36152
42296
15970
31360
52830
52888
32039
50522
11574
887
6483
23051
52159
35859
17359
10203
34366
38182
28305
24140
40869
49932
16617
22293
16767
44086
30960
51472
13143
49323
19040
40832
29641
26876
43107
18665
867
40380
3909
902
13250
14826
10247
39972
15588
46511
16206
6831
47917
10495
15508
48968
52434
31370
37117
33202
18852
30509
40159
49012
36870
11182
13026
38324
44973
29145
10869
30328
28953
12364
7478
13328
31545
47959
48551
10780
28811
52627
18297
45084
2079
44357
6552
28912
38639
45926
45067
13463
12458
42735
47540
53427
2078
1441
17124
38247
43717
16962
29578
32573
29461
15275
23669
40529
5574
15598
20839
41751
18479
27907
35166
19190
5390
49159
25084
8693
43327
14466
8732
38818
27857
24386
42420
27996
43431
9627
39559
17127
37707
50852
37453
5122
50998
39808
6215
19232
34417
47853
54011
19995
39722
2734
52688
18422
14437
21152
50312
15803
26287
16202
16129
46962
45065
21970
43132
30525
48051
6148
21869
36656
9384
38728
71
32322
18815
35443
9359
21065
43221
28374
42669
9220
11826
47496
44038
39029
31528
24224
30000
21922
50347
41622
14265
40335
26348
27346
5068
49577
21976
35373
36926
34253
28047
38857
18786
46869
36964
41153
11472
19132
49063
8897
3038
43244
48965
27530
37780
51167
2053
45559
42992
6677
10163
15199
22099
45325
24103
2476
3602
34571
23757
34984
39439
24529
24262
46593
8920
13595
44540
15792
35072
28266
23729
35430
49650
273
24450
13740
30305
38514
28733
21988
33448
45431
47548
32805
40406
42743
44840
7033
8424
32480
20279
29911
34883
4598
33511
10235
41638
1222
14929
16009
23535
24592
36781
13336
34297
49002
24879
33124
12718
25904
8023
11116
52042
3171
31680
48905
20981
4931
42419
8636
21506
10627
3794
23151
13048
48183
20052
7128
43901
16508
37504
37656
43726
45889
27268
30585
36199
29673
13350
20624
52484
32396
28114
6241
3463
47962
13746
44458
33627
48195
17814
11600
48939
30421
34782
9201
22955
20325
22664
25715
525
26019
16685
35012
9289
24001
13852
73
27001
15902
18020
20196
51265
29060
27782
4915
2929
14720
16719
49584
4844
9004
11756
14552
49413
2137
41852
21500
18959
16805
24958
23884
5356
28999
42577
12245
43871
40896
53497
9218
19878
38694
30756
52194
20630
43084
51530
39425
12129
49752
11195
1778
4936
39307
11079
49238
42411
42216
36244
34063
1996
6799
4601
21558
47854
17908
6513
23743
6610
12216
42478
20293
31013
10576
53873
34906
12731
2411
44654
12460
29468
15680
27962
48514
17500
25340
10053
7529
738
37366
21027
46844
33056
28092
53693
53220
10853
35562
2412
52184
37903
4346
34765
35993
12403
11750
17312
16924
12981
23522
49191
6063
10852
38658
24713
29798
25295
2942
28086
24861
48014
16911
34015
36025
21351
19332
46293
10659
41107
763
31333
27951
10843
22589
3686
21562
51535
44079
46201
15250
49909
6009
40526
45299
24832
25975
5029
49703
23386
30542
13462
25063
24281
23232
36998
7401
39504
3902
43771
11538
25470
2727
25285
53903
5799
50531
13476
20598
41980
13498
45516
11867
20415
19831
16240
15664
13169
19730
2713
23560
9968
44712
35847
32493
39149
50764
50423
11613
43439
33628
4359
874
17263
33297
28922
32006
28313
15021
25706
26847
15819
46207
48693
52757
49885
6500
16619
16283
27526
37272
51917
49107
36891
37486
34533
22169
44812
34778
14219
43622
36585
17149
38534
17407
46005
13785
34643
8034
47158
814
53605
11606
33938
25671
14937
42166
51996
39155
34476
31968
25401
42002
44751
43441
9736
48359
8340
23139
44593
30072
6949
40676
1857
53841
38075
42482
37513
144
48151
53888
21445
40365
26773
37290
13357
33471
52966
8581
9489
29804
44505
46455
10554
51102
31504
31594
52242
16437
21083
27402
3479
44212
3431
19108
28888
36173
25276
29484
37419
18539
28035
13211
37144
27767
15696
31171
46018
38496
35245
38788
47211
27791
9281
11976
39789
9422
45174
2221
28412
35059
32795
14963
12737
38345
17880
33780
17822
1419
43196
10497
16141
15162
11627
29921
29365
18446
8993
37803
2230
24186
37958
42782
27118
28700
3710
9642
46581
28867
12396
29051
42386
8153
871
9774
18136
15073
33587
28090
36759
43694
34569
25022
5648
42239
33496
49999
12641
29380
302
52511
16351
208
27484
364
52498
22484
38643
14603
41641
9087
13570
3784
14794
8589
32371
562
46199
29903
11672
53876
13660
17931
42685
40154
8498
1319
26307
590
30916
10658
1631
33042
53420
38733
47390
3596
35420
49598
50313
33995
25117
44726
8745
51408
7246
30236
7042
31778
12341
51328
29389
22138
6789
32319
45468
13283
13664
41391
17639
8138
437
42022
40152
31895
8759
48392
19397
40396
14975
47714
25044
29125
24372
42701
22918
41280
8222
2337
7150
25368
44039
6787
6916
6507
4405
22697
531
24169
48344
52630
38039
34288
31611
48754
10719
6310
49466
31419
43290
7463
42455
17067
41978
51784
42812
42441
13228
7910
37765
34933
11905
24365
11675
8136
523
11640
12180
18687
41998
29505
53383
12121
17974
34037
981
4988
43551
14732
36928
18094
20647
2064
5463
30657
22705
12311
35442
12987
23494
49887
13333
8491
20946
37337
39880
7324
9148
25874
29192
20051
25619
25847
34557
7641
7051
14294
20171
45742
41640
439
3556
5549
16231
4007
23949
44497
5801
49627
44951
15733
53820
48663
8698
46736
30506
26930
41458
51986
22340
42854
26253
27024
14911
24588
26516
51140
10012
16432
11696
23355
7566
6521
29958
9357
52396
27824
35156
30950
9135
14083
25659
51608
49462
23344
40087
43511
36611
22474
36902
48306
43065
36681
50470
31622
16029
36682
43313
39867
16734
27254
5610
12835
11913
21369
1316
5042
22423
16320
19227
3739
29826
43919
39974
43473
22191
23770
13453
18100
21629
17219
49621
35363
11342
14486
44625
19228
46328
20151
4514
28750
21945
18806
36340
33331
22443
40447
28016
2977
42819
1802
27844
11375
30870
15170
11347
29547
3300
15126
21251
0
2336
36544
708
1153
26119
49009
51239
37235
2405
26486
4336
7721
40589
43927
16810
11247
50269
46008
20423
8694
24930
22342
26925
22736
11164
46184
25760
21929
32510
15031
25819
10812
38120
41474
26016
48016
16567
32729
10286
46552
8775
38638
41237
13259
35412
38919
29593
12645
20670
30492
28941
31962
27034
16369
16226
29244
432
3430
44926
17143
31393
39846
27533
42753
49779
16363
11860
52230
52672
29719
12508
31249
5161
34056
40469
41698
49483
29184
40053
39760
19128
27423
33835
47033
12475
711
45474
31531
27971
37143
41987
10822
28366
12389
24941
34512
17707
12132
14986
6477
43865
33577
28370
13017
38465
11434
18940
22949
21639
7210
51319
48386
34161
47050
36000
14411
12324
34541
29360
25210
14404
21685
26382
12094
39557
961
38372
42667
45909
51359
32673
29202
14191
33787
9751
34164
50049
19194
21018
52676
53408
10726
42883
659
52819
32392
7437
43458
12649
8368
20087
47912
21299
27365
37310
33298
27426
25033
1954
41186
9681
355
17417
51753
116
14092
47055
181
31382
18376
47799
48611
43166
17388
2561
6231
22948
35997
22682
726
25272
36775
35651
18274
24955
32299
26573
24536
27958
9411
52438
36799
12938
41805
49761
53386
31218
16149
50962
27843
51257
49415
30155
28669
50318
50628
16629
31994
35538
31863
17102
13403
42010
32538
16539
27976
50823
11936
8018
7717
29430
4107
12018
19292
19374
26352
10967
20568
24773
43949
30683
12259
2864
52083
43648
11011
48161
39355
49943
29552
4526
21045
30749
9756
10219
12843
27841
34690
13699
38670
44998
18944
39825
38195
23728
9635
53288
4437
1549
44919
39449
39467
2353
36423
9689
23436
34697
26857
52441
46845
21679
22534
42909
25028
1442
53685
20299
23837
15432
17683
31658
32273
23861
44935
2144
12722
40285
38996
48895
34387
38756
43645
13303
39274
51318
28745
41111
20956
29667
34752
25781
7007
41697
3736
53139
40638
115
52513
34733
26576
25200
42658
48396
8013
21409
41814
14176
41949
18890
7725
50675
1670
28492
19216
34064
43662
50824
14582
40915
17421
14585
34276
28083
22360
33371
646
37663
34573
47014
32246
29814
12395
15158
41309
12354
28650
19147
2867
4091
27614
25620
31085
42990
45828
30220
16103
8276
29807
39571
26556
10199
49091
13708
34934
44724
7496
29670
26918
17938
28475
3558
258
282
8272
9778
7848
41138
10647
31913
42950
3605
17480
5250
51536
28507
39112
36156
3944
40316
22702
31587
37777
43005
1095
50899
11054
32700
9027
36302
35313
41112
6986
49085
43971
41571
31356
30508
46486
19735
34119
25681
20445
23670
31025
42175
29087
13306
10765
15933
20775
41718
295
41683
11630
7647
19864
955
22163
41743
3866
18487
40691
15181
42496
51414
49766
22646
22724
32701
53077
48977
19746
36153
46856
31517
40389
15663
25959
6576
31140
49423
4804
16551
31585
21512
29167
8944
34626
8230
14359
22409
38699
32054
458
12528
21
15887
10252
48684
9097
15993
41471
34717
18234
4462
1347
28290
33281
28005
9348
36897
33594
29443
52118
4645
18996
25834
20431
34108
22305
49139
46629
46892
3764
46424
7149
17150
50052
14510
7570
46925
30551
4958
49599
18884
50944
28883
49438
18121
14581
37372
2995
16510
11568
9183
450
27562
46125
52026
21930
41831
14810
26636
39120
30245
39253
11469
1179
49579
26858
27553
44213
14775
23780
40687
39051
51330
24740
25731
42432
15573
12576
41446
46211
8625
41207
21745
52346
45555
25698
47678
28840
23817
22478
40683
21193
1244
26333
49768
20159
10603
52005
27162
22115
28794
30343
3521
36747
16787
52809
733
36117
19277
12183
11901
33618
44404
20075
18022
11720
46251
22301
53644
40105
37011
14387
14234
47508
10312
50080
27142
44291
216
9917
39059
51978
23968
12148
19927
50120
6715
1622
22170
51610
12201
32910
42665
22186
33492
20768
1403
2307
15038
33367
7367
50895
24112
26068
40361
8073
40930
33590
21066
41674
35450
50466
36233
5868
22769
47115
51448
36081
20728
7604
38839
8297
18572
269
33304
2988
12830
9096
2974
46253
47300
25336
20560
53528
25690
39011
1329
15984
30806
42688
31944
32636
21696
51130
14698
15793
2887
10464
2721
48472
44322
23659
24613
49894
36266
25014
19915
14723
40658
14188
28228
42913
52845
46533
14961
17888
5407
7285
8488
39932
10148
15387
39401
31130
51920
36234
16253
47439
14420
14756
47621
23935
1524
20704
25595
2650
23620
36732
53537
29716
882
25330
26280
36493
20740
13658
7560
51277
16703
30824
41595
39694
34763
30174
36750
25466
4903
42281
34813
9932
24946
36917
42648
46664
41967
34618
9394
49729
34032
47255
24864
2214
1914
33264
27076
38999
37458
46988
27202
52568
21826
44927
33600
415
43444
36951
27124
11942
40647
15694
25139
8598
43167
20957
43198
1882
43287
19782
15397
8654
268
16300
41001
15361
13602
36979
10340
19501
13978
46134
39368
51241
14311
15817
46601
1916
18474
52530
46509
9693
51322
37363
883
53496
51151
9117
48217
45122
38071
31597
50404
18760
42320
8515
22807
18182
32884
35671
8354
27036
48270
38875
45901
20212
36629
32100
45899
19950
20477
21025
3805
7071
45493
18574
35807
22897
49435
46826
52417
5264
10377
7315
39620
3729
42259
23385
23377
13691
45486
916
32832
48935
37839
51313
34036
53810
28920
12732
52195
43772
6420
15998
6611
38469
1198
6642
14170
620
10618
40158
43314
14053
37192
53463
15082
21132
13984
5763
46297
13537
19547
3511
3496
26448
8123
4677
22003
38692
23353
30080
53512
784
41874
25155
11069
2571
51944
6534
20756
8142
9652
49406
482
53848
18573
20854
18984
10277
31873
29766
987
22581
52285
28211
13947
7110
2085
50026
713
20100
17481
49653
24367
7951
50076
40612
48290
41705
15141
40723
25893
18657
13923
496
4331
25506
28200
39254
28877
31255
30280
24917
10032
17872
31299
28521
22552
51569
8621
17444
52209
24688
15906
47726
10042
38072
23026
5612
1840
11154
16826
27460
583
44486
3049
36371
25025
47712
35272
30941
27860
49035
34538
27872
39568
53459
28705
4744
5055
45356
19623
50104
34455
49223
27551
47858
9204
1197
20988
26835
3001
53246
48200
24012
32649
8326
37640
23174
52205
566
41706
1422
2953
28426
350
35928
18305
31288
41959
43405
14968
17602
13823
13411
18332
27188
25696
40347
42771
41804
36583
43633
46952
4401
29801
47132
5636
32402
39528
29332
57
22067
41557
24546
40017
28292
36634
20983
53109
32761
51735
25009
10833
77
6777
20657
41232
36538
19887
195
2497
44257
4429
42702
20400
801
40454
33657
35585
39959
39870
38651
31530
48337
44435
48769
4250
19230
52682
4955
9609
5417
35841
5402
34869
7520
36075
34365
38105
1071
3242
38740
17815
13203
218
10118
23611
49802
38851
29003
48916
17289
1829
26595
12219
19449
53711
5532
48194
29743
38932
31716
44462
29241
14095
18386
7359
12350
15260
27600
37095
34969
50631
4320
17325
15853
50108
19820
15355
18898
24544
4570
39294
53045
23396
41944
15889
51843
2492
36334
20271
37058
39936
53896
1812
21371
29035
2011
20025
2576
6553
10504
47596
36282
41657
47397
47487
9413
37404
42089
51043
15173
39842
20600
15492
20986
27023
40698
40223
24074
51910
43471
29799
18832
50070
32060
8449
52535
39343
19423
37618
38478
18051
18304
49232
36991
6414
16753
40133
30897
18817
29242
46049
4170
16760
162
48643
51274
40117
4146
18109
29156
46575
9496
18160
8817
40348
51338
24578
51528
17797
30184
37128
35922
25800
17320
25183
44377
50663
26004
5094
42437
37495
27047
16027
17179
10849
2122
11208
5660
32303
3528
9712
52206
5908
44582
33351
26899
8662
10211
19857
45303
39926
21076
51441
38005
42655
29558
41164
3199
14017
30502
27298
41659
21104
21502
40743
31407
19273
30779
35721
19199
2185
39952
47857
25882
32911
5779
44813
15012
34401
19884
43015
19207
39798
22222
12665
9438
26327
12826
9508
38624
18782
13749
48150
25754
33450
46077
28685
29553
7949
13942
43033
13567
49700
31957
34136
52619
32635
48058
32817
7828
5970
50028
38116
32519
36514
19499
39793
25351
15386
24718
45746
37681
44872
29431
3427
22976
23741
35045
33661
43688
26833
19282
25957
35139
20641
43754
38023
46774
13421
11193
36647
21598
34866
39975
34472
48066
1849
51800
1311
31616
6710
1743
16073
4004
2958
13633
48997
42060
52774
41680
13933
32372
675
44399
13024
46879
24432
7492
5716
36232
13754
33292
46257
25608
14952
21591
17573
37261
10673
22957
3392
32225
16656
26394
11222
8871
34922
47049
7729
36539
9912
24513
40126
471
40322
38768
7836
35799
26686
35077
13932
513
9211
10837
5115
8159
51571
8762
23556
21785
53285
28873
30335
18043
49687
3225
440
37059
15932
26588
7216
33482
14189
43114
1038
22320
2778
8877
30200
31433
31800
23089
31976
51873
40451
34083
11006
37110
44340
21301
9595
11311
24980
5321
22102
13821
35154
30241
51816
16776
18802
1381
13021
10160
4688
49295
15080
43305
42696
34555
15131
23484
7494
21539
42236
3108
42488
13051
41249
34125
44181
43323
34577
29295
9175
1139
21192
668
16800
5252
22723
12512
31180
19620
15721
26477
48639
3534
16455
2399
15188
36068
31319
49938
29362
17789
20030
37055
4227
49685
21828
47418
42321
5033
1966
48882
30467
1732
1161
44643
42284
48
49641
4745
8800
32662
6542
36662
29844
49564
22092
39477
37281
8310
31184
20643
22961
15142
29382
50372
5531
31137
3088
9294
21386
43620
1020
50162
45298
5346
27833
11669
6444
39238
36164
26743
6256
14962
27725
50437
30468
26639
11251
1638
26243
6168
37239
49879
48810
35332
10947
7068
39883
51337
49801
6827
49534
44228
13983
31289
24106
18165
30233
48153
19284
43916
28252
26590
25288
33441
39602
27333
11344
43788
5816
18313
20292
2884
30352
39900
6544
44173
34612
51563
45691
13482
10561
28025
47594
5684
1737
53979
42988
44367
25012
18949
9509
6767
6050
34470
24062
24812
53083
49644
574
28585
14982
47762
43776
19202
48434
53504
1845
15371
15458
53973
13969
9196
17404
23503
45664
43370
36699
44523
28756
4120
2260
27814
47529
44441
20546
19049
507
26517
40153
14307
3526
18237
45913
15197
17467
41538
17983
11258
52768
27561
45287
23517
24997
6229
16276
31928
7108
51381
27528
13078
34072
38088
35901
46721
39912
51428
14733
45507
2026
42165
33479
52154
5823
1080
48126
6975
39979
1172
15729
31049
52714
14977
22657
1632
41354
48365
28108
49660
1162
16916
42976
30576
25827
46703
8088
16670
50607
3910
36160
24498
51498
2903
48110
40838
25192
24363
42164
14897
30640
1956
35849
47224
45650
7622
32897
10672
38047
1860
18354
1169
47392
50010
43267
27821
37352
17712
15244
19953
2841
28759
25189
53523
3457
10492
3022
47907
40596
337
11777
48831
7217
15376
17590
36691
9243
48476
4266
43613
53814
34049
53181
26784
30331
46554
19074
5166
44004
8316
35629
1895
12556
44506
40942
20515
22868
5511
23305
17709
15108
38411
16285
30432
14451
27935
26843
22580
50878
26676
38250
44413
27560
9972
42384
9458
53577
4478
50155
8852
7881
30153
22160
31899
28584
46135
33157
43485
53933
2815
32587
6371
34832
5887
26940
34602
12270
10408
31559
48214
44480
11303
19677
6035
9255
29731
47934
34274
7582
36297
36143
52070
13756
18598
3351
13060
24469
18132
44197
23614
11140
1001
41383
7377
51568
42581
5434
27464
35317
43542
15094
18079
18064
53137
16592
50709
2453
33523
6804
5634
22366
4933
33965
1127
16723
13209
2847
15502
5437
34112
8884
31139
39185
38497
23471
30935
43453
11950
31923
11009
11475
35743
38360
4027
51628
11984
43391
38436
1950
32912
23479
7898
17057
31565
36059
41601
44757
50066
50730
43306
6184
24185
16094
20011
21317
7006
15706
20314
45029
42785
15035
9564
1453
15528
26084
6399
50205
30093
36834
24636
47601
37980
46044
53328
12929
31277
24741
25881
52929
11870
32633
5367
38798
11020
728
30048
51110
13832
51120
21195
52299
875
13931
10521
36520
37247
10778
52039
40175
43285
35984
16405
51871
39064
43375
41923
14201
27952
13318
12361
50455
13474
27228
23392
41063
4968
39031
15410
34380
12697
38283
18118
16674
890
7991
44139
29164
44153
6336
22650
9779
46612
47305
39426
17066
46754
6634
6635
29205
49168
8220
43117
2598
25774
41210
14785
33419
16714
25787
36737
41326
21298
48801
24656
39679
44587
39039
20378
41761
1121
44446
21056
3662
23363
431
22236
8937
53938
16910
46993
19440
7335
38348
4874
25203
32092
26350
47993
30166
50696
9560
39981
37727
32643
10681
22986
12990
19280
42585
18540
10292
11414
52035
30997
8465
7557
46153
8459
26710
9690
40375
5157
44537
8738
27822
42117
33325
52353
30734
30735
38791
7832
44629
15301
28062
14476
16401
5227
30488
33094
865
16503
32789
35776
45426
42056
30989
9398
4929
15745
43124
22083
4258
6955
11030
7500
31513
10946
32175
30195
255
15221
32641
44174
4061
10806
24612
24685
37790
44824
13954
39969
51334
20097
12827
26205
31694
29530
47958
15281
5197
3766
25178
49072
7521
24202
51180
28280
23605
3993
24384
17916
32850
39168
43061
37963
50837
43573
36368
45711
13217
38662
50320
6958
15067
106
8911
48410
5698
1393
15018
48398
30256
42957
315
24564
32410
14149
51037
51646
16065
52411
38938
2362
23413
14361
37406
29293
21857
5101
21114
40266
12699
8952
50386
29516
1645
10746
35558
35992
29639
34384
46957
31275
41136
20332
15667
40566
28365
20281
40104
48902
21572
23092
7360
39481
623
25898
12483
53153
29385
40190
4867
10129
41951
26862
50721
25243
32567
50
11837
44548
41818
598
23006
39498
39016
50007
24484
44788
11259
26023
39154
7412
47810
24928
10762
13362
14712
46171
11252
6686
31284
48592
52772
12708
41144
42626
3211
16204
8407
6451
17286
53065
51244
33853
19925
29525
53840
40999
19180
30058
40731
34180
19821
39171
32690
39360
12596
12208
37212
7827
52842
36285
16830
37214
6717
3107
21106
19948
36093
44758
43663
9790
1135
29996
16365
29978
43184
10513
38814
49611
21844
47592
35604
49587
11125
42279
28322
52733
50289
23599
27622
47743
31355
29034
27106
47099
7669
3716
4901
17207
24198
30161
38280
46875
17806
15139
33346
32330
554
42788
5473
21323
16324
3792
39108
29626
25547
41993
12413
31677
34941
15280
25106
737
39677
5403
9193
19899
18391
21343
7887
38663
16034
18158
12159
6198
23851
5054
52477
25969
21426
44058
30820
13424
22652
7889
20394
45948
22399
29788
49701
41554
3592
35511
14634
5760
48206
27772
39619
52554
51982
24935
23777
524
5633
47078
10258
20578
37894
806
47522
51168
13480
12083
40769
27446
16317
31380
44640
33488
35040
53792
13246
37802
7900
43355
32191
47564
46465
40963
4730
41686
20355
34824
31943
50488
3212
53866
28554
50422
50918
16607
24009
37025
1774
12506
50838
26724
30251
14835
34199
8490
21893
17266
51310
24445
1173
43130
26540
12562
48046
28668
19885
3869
4071
40338
13648
18458
39423
52019
18016
28692
12554
50576
18365
24856
47532
52307
18589
14400
34295
32314
50328
43976
36884
14407
12206
49927
13406
42940
14410
41881
7866
40448
38493
14468
50662
4522
35433
42354
14517
30875
15350
41652
3931
48284
27995
25444
32532
7170
43964
20103
36671
10807
30961
32919
32011
23902
48698
19613
25540
31570
14906
21403
18157
22150
52188
43376
43311
22816
42424
32135
10266
2994
49281
33769
33771
186
34913
13432
53555
17009
19982
34333
31725
36564
36406
4319
22672
43064
7769
50426
37073
28611
8480
34443
14758
12974
10868
18112
19626
36526
38070
8309
43476
45744
15378
13014
42131
45465
8949
10316
52127
25463
5694
35289
1266
16322
19114
33944
5858
19447
2435
40433
47773
43227
10801
6328
47807
12112
52467
16535
47152
5701
42375
46387
51853
43299
39404
7046
8431
3888
3149
26285
20297
19543
3551
1167
49217
43094
17062
10379
51033
15005
47169
5266
7240
28526
22057
12786
28480
8857
29531
27230
21321
10084
31285
18395
9055
9467
29945
5175
47209
39929
52464
22761
28408
17728
53975
21753
30035
20517
45647
3315
44967
52273
18917
1431
38976
50566
19071
27985
39898
50554
1178
23725
41317
51883
11341
32642
52373
28539
22881
44703
15675
23498
11200
36145
36427
8568
19898
21245
44682
36961
1649
29270
49743
42639
49957
10274
47236
39351
20373
52071
25046
2546
8907
36609
2247
3669
35167
8391
22021
17947
21772
29401
53095
50149
13332
35667
2195
33293
22533
26482
30818
25914
50794
17091
12605
3478
34972
36215
31348
11188
37497
28802
45653
40845
8082
48251
41274
10720
27592
1978
33828
26478
10206
36776
11831
20033
48618
43794
40960
19840
16450
50414
14074
45254
10652
18915
45533
23184
49297
28865
41928
9993
29688
11930
37201
48326
41298
25445
25328
51544
6185
48281
41366
12862
31462
28737
17629
3572
46111
3790
23041
3280
22799
16761
1312
11790
48034
26010
8873
12502
52636
34671
13975
17298
7543
5596
24348
30216
6222
40642
22108
14118
40226
8054
46709
2213
34663
51940
48300
53635
51647
7276
24161
39508
21729
17850
39768
6362
48608
48682
4992
38544
17269
6559
22085
43424
35717
42023
53433
30257
34844
22306
36154
46870
12248
22344
27727
2165
22493
45440
4861
28154
45970
40291
48082
4131
47221
48030
25826
383
52269
3032
45049
17871
6815
42966
14009
39076
5260
12978
10050
15756
4496
14163
48671
14834
23742
42046
31398
19023
17202
40414
13837
38351
32971
459
5139
16526
30738
9718
22093
43321
3924
49708
23663
49870
765
52510
42491
41541
34524
322
41351
18069
28175
50949
38332
492
29986
40916
15671
35542
1384
10262
9731
31762
48970
45377
42689
34069
19793
52885
1618
21510
7087
9900
26909
38495
23039
52002
5923
14122
44244
13558
15862
35920
10373
34712
18522
52584
676
35148
43840
3990
32221
33002
42643
12469
35794
22524
46996
22988
25393
26890
3251
30292
10512
20952
8279
7932
21151
51317
12720
21178
37264
36150
31769
13642
19317
15958
34689
27505
44407
17510
41430
6383
10082
33023
13946
17358
10344
17800
53033
808
44683
12204
30808
31690
43243
16269
2786
13845
3115
53498
42574
13651
22216
24883
45524
13611
15156
34920
14052
18579
844
52436
39195
33319
23360
31166
37552
37669
21794
47313
17045
51131
23402
27131
13001
49765
1599
35502
48173
49071
50025
49445
44828
24923
52472
52945
44821
48360
45582
24726
37993
15096
25716
19016
11428
15310
30654
6082
32956
4919
42353
30270
52211
19314
19015
53927
9223
7994
30826
17920
23096
19984
42215
50147
16979
21129
43422
5666
26475
19321
7597
32174
52134
30526
19474
17455
13109
50585
22586
30063
18854
39196
31344
25417
35657
18929
2518
38601
32487
9180
1181
31982
47861
15084
42644
19584
25635
25596
10939
4117
42454
12211
48444
39782
9776
46041
42833
6284
50008
21661
6237
26570
34695
37866
52564
22959
46772
32
24293
38036
46767
7028
2694
52317
16494
490
22743
4226
23118
36548
25492
15496
18958
9557
7417
34048
28547
11264
175
627
41873
24851
25097
50369
8365
44634
45327
8721
35715
44101
46115
53771
39099
4003
35716
40901
25748
20191
28577
49730
1801
24985
26411
31125
27896
36227
5889
26294
30981
28348
37975
17603
16662
40710
14366
53086
23149
29372
52969
1864
24973
15243
8900
49950
17859
28373
294
32379
36976
38810
53585
43664
16676
52614
20916
5131
52403
20645
32153
19780
42923
25701
26344
44989
24872
33082
37348
3977
32941
17834
18206
44024
43905
42652
20524
11051
11485
48192
19959
49526
14945
4393
7856
22205
53617
38251
7875
33519
5635
8140
42958
33022
47212
42522
23130
20091
45838
30393
35788
39689
16241
41518
14873
1160
13470
10872
53813
46048
41543
1667
5968
32180
28267
47947
22359
51533
37176
5897
6884
24993
34381
50063
13543
8311
15540
53801
2226
44157
11852
746
33107
2306
46895
28872
49913
53028
44536
17399
22463
31990
18578
1962
44122
26696
18250
51476
10024
30607
20847
42485
9709
33585
27352
36872
29428
14695
12082
12375
33000
2553
8323
33416
28166
36488
19786
50238
29395
51824
22588
43414
42314
43229
36736
53748
23031
30486
28238
33092
17621
4214
20523
21453
47913
48928
6658
12650
29061
42427
4158
53122
53664
2002
52489
34760
24350
32147
6129
13170
33115
6433
49171
27406
4725
13398
52328
49966
34435
10217
51147
45529
11353
38260
32581
32898
3335
22819
5038
31191
25983
51162
12626
41061
40852
518
26545
31659
49906
15884
22971
53902
11484
21872
48584
34954
29129
24972
25610
49339
22599
50252
24444
33410
5186
45092
43278
38634
1205
8180
45072
23401
9706
10505
38590
17618
40170
21261
24902
10621
37753
50306
9479
6073
28929
48370
27283
24814
25525
24891
14032
16790
20754
22279
32399
51662
19704
30957
46255
3846
6345
20687
41393
30133
1598
3489
23022
34868
29858
2249
43540
24686
51283
32903
9028
7384
48961
21989
21309
263
17317
27512
21171
34705
50354
4218
33365
52514
21030
51158
51950
13943
31067
15242
26874
9047
52191
41251
26822
6961
31108
2058
28808
26342
35773
53746
44614
29534
37998
41850
35191
12181
18719
5516
2021
484
12009
32929
607
18792
24174
50061
17363
18638
38600
43298
10220
18087
48856
15172
33829
52565
50469
1937
31242
35720
37962
35408
50564
7877
27899
43408
1049
38207
19529
24097
17887
7466
45591
2509
7232
40973
22637
25462
34846
42873
13267
3875
33532
28087
53435
19926
20072
41914
5298
44898
27667
40192
52222
19069
45005
29357
35966
22913
24533
922
18837
47464
26399
10772
5156
896
31861
39651
40782
11389
16575
41191
39161
29370
33740
25920
45537
15480
35537
22990
5080
17912
38947
25643
32629
32933
51847
9386
32718
6741
33213
17166
32945
41974
44405
43091
22610
52429
46656
28478
38722
49504
53571
10483
32533
32696
45938
50011
29791
42894
32668
23758
46955
8874
13121
690
8704
31417
52737
24266
9451
24840
10494
49472
48836
41699
41774
33717
42111
6055
26954
36795
32711
49436
22750
10639
28449
42224
46918
34945
31930
1265
30389
27506
8378
6152
35902
51453
40800
38760
52405
1113
24414
7974
52893
50245
49921
48283
51652
6561
24434
15338
404
5626
40541
33159
26088
48377
39176
50330
37853
25382
35216
48255
12560
43912
16306
48644
47536
44091
28247
40551
35553
25319
9744
14876
20036
22768
3151
33018
38729
10634
23005
32185
22071
11607
29475
38535
53088
15801
17231
40012
36080
30949
9611
6833
29251
35609
15517
23158
23042
51730
14395
7222
40395
18988
28557
48114
45761
53299
24016
40554
32418
3515
6924
21124
15052
44305
23708
49575
26278
17748
1394
39428
37768
46876
51617
35751
397
46413
41556
19267
51653
39204
1414
16660
50539
49525
19105
8506
43595
45076
8053
8195
42250
44501
11169
20331
40182
32626
41955
13254
489
14148
50373
21462
50981
49751
43350
14522
6595
14600
13200
42630
37018
13930
10034
20778
17961
45494
38579
35915
43824
9225
4270
26826
38410
19446
50632
14624
9970
37263
17838
52249
41656
42675
23832
50725
9750
44169
22639
33699
45740
6023
24703
19482
4764
3408
1028
53988
21138
37074
47851
16244
47090
44355
50558
3193
4322
4818
16225
24195
34995
4284
13091
10459
7440
14925
11555
11132
10802
40307
12015
785
46438
40880
47251
5330
17786
27933
25042
24927
23107
26902
43297
23655
35567
50474
52133
23983
7208
53027
47494
4812
23917
52204
51590
20777
2523
23979
38824
12864
42907
2373
43040
33280
25143
31324
33175
39956
21584
28482
35162
46998
47441
1948
52926
16972
4530
44292
10282
53508
8256
22000
18793
1305
9316
11332
36495
39430
17541
17581
32198
7784
18617
6618
36827
18766
34174
44921
21743
37092
16144
4504
44752
49455
10563
33283
38289
15150
654
5103
13626
1288
2880
4493
53718
33020
49540
49551
12499
20310
41934
26539
21028
10146
21087
27444
3942
29680
30434
22796
30775
52377
44099
25896
24646
39350
41092
27638
46801
48394
8290
49486
14583
14990
36811
2234
20432
30773
13705
30865
44437
4220
51391
39369
15324
25300
39431
22811
39792
42385
46660
19863
26538
16695
4294
36065
25148
49352
15715
42184
52187
14489
15571
14730
10306
39526
95
1456
43450
29575
27862
857
13617
10449
13116
6632
27398
30005
23236
49825
38501
39939
26754
46001
34774
12603
34989
23298
477
43910
29865
9949
36780
30603
12993
23203
42434
34899
3196
21446
46602
45018
21723
2936
42467
25674
24011
35955
18726
36211
13927
52832
3751
9881
30363
20268
4971
18964
49428
10928
9781
43128
49800
43850
31058
5368
6293
37456
46286
16008
49675
1753
28573
16429
26628
14490
25229
38003
26998
27942
22718
25569
6516
45143
34627
44627
41734
11494
3232
1746
18450
36074
30927
20878
42793
26375
6805
33146
35514
47289
39600
25041
11490
33998
10891
42870
19419
18582
51985
32685
15236
38512
2447
4157
31832
16988
11882
19688
32445
2723
51362
53227
11510
28116
2083
37240
9179
50468
52775
6612
33430
34285
42772
8633
47102
44981
53928
21548
11440
45149
17999
2980
16933
38002
49172
47614
23036
16589
23799
31272
1630
35319
617
39628
30813
10121
28926
39988
34739
51280
27577
5070
25163
28453
37342
27166
40806
25628
23778
33033
20414
27805
1572
3514
23523
34575
40284
52049
26861
10638
43749
23881
16955
35406
31185
22958
25357
22666
29796
24390
50133
39061
53550
37798
19980
8664
53097
49663
6259
14059
10323
50152
24737
11082
50882
41451
10797
35141
49075
226
11884
42816
445
25788
16301
42447
35142
37697
36104
33181
39308
34777
28170
49656
8314
27474
13012
35742
4235
20359
7461
28203
27901
35559
18318
28447
33324
4827
25383
53198
24552
24896
19856
51070
5795
26911
14039
11817
6808
23223
46507
689
38636
37494
42295
31463
19044
23643
13422
21108
32731
19036
3284
33896
47137
46256
1907
11579
15622
21057
29351
50310
29556
48937
42262
8805
5639
137
7652
3597
19275
45508
32637
4325
47721
31335
12898
50926
25560
15917
40424
31786
3176
44787
12793
32234
47822
1334
22087
30841
35879
18470
48923
15536
33109
13583
29721
49076
53260
8019
47598
48117
44729
3778
19752
35736
9812
5724
24134
1458
37293
35999
7040
48984
7766
5338
49547
47385
17843
31163
13492
16463
49583
13165
1780
49711
28762
10230
26427
40839
38024
20496
23532
26866
29485
4144
13687
17504
30888
10341
24053
24353
29491
6197
46878
12427
23637
11583
30658
35576
27270
24895
20347
44105
32335
43190
22391
35551
5807
13618
33064
44504
30835
15484
12606
6292
17095
41127
2352
13293
14297
38575
44869
15677
2490
1360
30522
3293
38673
35409
37905
40946
1507
16168
51975
35043
19593
31420
20288
6481
29373
48336
17461
52063
39091
46221
47766
29210
12365
39087
33136
23483
38069
28127
5421
25710
40801
43735
25858
39231
41362
37861
24277
20166
47797
16439
14171
31246
18035
49948
5528
30470
49635
6786
24822
9505
20313
6228
51908
20919
50003
27301
14833
16764
48349
36805
13994
25994
7694
30623
51640
27643
50646
12459
18504
49344
1902
48566
50581
4182
20669
31793
39544
53317
34753
45611
6564
49695
4033
31116
49810
16801
47311
35486
9184
48795
41377
20224
12591
48582
36723
9828
13620
37842
49819
25433
25941
28968
182
14399
10549
7449
42978
2344
6361
36096
46791
24826
42967
52982
41532
5585
18558
47023
23408
53983
51083
5135
1915
43239
47072
15328
27201
24122
35903
46007
24196
43629
42900
14861
23327
39147
40606
43746
11235
15335
11885
46722
1755
14501
14989
46838
12517
40085
50503
8081
42178
11699
10650
33468
37698
21305
27475
50187
11245
6380
8432
23504
41325
47094
27372
45490
36261
51518
53931
26052
51486
39468
30698
11012
47285
41602
26284
16523
44092
32547
16618
24601
38050
45360
27177
20249
27418
25850
6593
35870
36992
5746
42558
53538
30491
27851
40007
4261
47892
43398
9815
36473
39746
12928
29893
30823
10281
48311
699
41372
42004
32380
905
19289
8521
24060
22126
24630
30618
15670
49367
37179
15466
44318
12585
35589
15515
19523
35033
17382
4564
35503
33237
36718
35193
50390
4083
28071
32233
35507
18775
9457
13659
50893
23683
14971
39003
46070
38309
39300
17955
47042
38322
51240
4535
29504
13199
51776
44713
13744
618
8106
12797
24160
6567
5324
42088
47838
44638
52646
6928
32564
10177
32999
38895
6690
11121
35732
5902
5258
44277
28219
21837
21531
48881
40826
35279
30075
30396
1086
33139
49310
45070
45636
20218
18546
10433
2688
9614
18483
16747
21314
22821
38905
24342
17441
48577
45515
17737
43384
32446
40521
9287
31051
14195
9827
11430
52468
14519
28512
38404
3160
50283
37970
8004
46106
30746
39319
15267
12398
30312
19270
17810
50749
1497
42431
25707
5884
6960
19718
7323
35070
36228
33466
51963
50952
30374
18621
45654
23492
1110
37941
18336
25473
38902
48243
2496
36240
39177
45887
34116
22308
44362
2655
41599
50877
39923
11540
39806
8430
14326
18108
25568
33890
10574
4079
40581
33057
17092
46440
8030
16419
22545
25419
14910
14296
8572
43467
37733
17523
2142
23281
45006
39812
38593
40786
11448
46865
25213
29426
7987
37815
2478
39822
53972
32466
7736
45484
35699
8182
4162
37266
14709
24155
7386
50336
27747
12956
3356
46556
19459
10240
28697
26467
19239
47534
18344
1933
14313
39243
13608
37549
48340
44409
31136
11447
49341
42211
42758
14250
17991
30596
9376
2290
43937
1516
46567
39811
22124
28879
1606
2259
14438
39921
23739
26488
5867
53625
13261
35546
49926
19685
44303
27915
17004
16976
10403
25732
40303
41983
28955
51834
32555
22859
2027
9603
51879
4665
47775
27558
42640
36149
38603
32212
26302
41200
45495
12288
46083
21246
5119
34194
52322
51488
26875
53844
36449
1989
14955
9893
42941
5044
35995
6880
43995
36457
42028
53642
30586
43522
10039
18963
27686
17650
11108
13481
6629
49089
28666
757
39004
35456
9414
17210
32916
19849
41502
18167
21064
47163
5059
24499
45675
31925
42156
19646
41618
51038
30652
48438
50126
3003
5857
21194
46384
19630
25015
47677
26140
23891
11543
36608
27089
1574
31607
19829
35436
18596
33513
8389
34233
18169
21316
9853
20144
5107
26241
22675
21223
16083
30940
37643
53082
780
6991
22381
18300
39130
50433
405
15208
35175
29238
33706
53919
51045
42041
47425
26454
14010
52363
12941
4930
37588
14138
28943
27217
41220
27605
51439
27836
51133
38515
37464
7266
4121
38939
4621
18542
2507
32741
4491
29089
41679
19457
10257
10998
38847
8915
2516
29207
168
41439
19369
5969
15271
51868
27834
31728
8602
24672
36426
30151
28347
20018
28068
26381
31681
46920
12299
13736
6751
42848
48380
35783
26043
7682
9563
14919
6587
22999
20909
13638
23718
52116
39973
11541
17869
53469
45441
38375
4104
52
24099
5130
48091
48886
12781
47382
48017
43343
39946
22681
14798
36224
46823
19566
3299
18117
5951
38451
37461
52072
52046
3156
81
27058
17967
35341
8606
42273
4279
28260
45739
276
45429
40357
41370
47893
18819
42287
32560
44282
38627
32284
11957
12572
6520
41660
35136
7865
13483
16987
20251
1693
37701
16531
19481
46719
16791
3622
26688
32442
33698
52385
28851
22553
50295
21635
10528
6263
8479
43873
47031
37795
26460
24571
52460
11075
7942
46264
4966
7305
49186
43027
50420
45690
34677
34740
40756
23880
20779
30007
44656
22211
29741
2819
53370
44052
32791
37232
43553
14933
15379
46622
31952
25657
18508
9159
29561
23859
5623
42360
39190
960
30759
16530
46350
52963
36044
14767
114
14211
2846
43122
31720
32569
30541
28768
28587
3948
35827
30253
12967
11089
16349
36470
43131
10901
40062
42579
28774
49152
48473
3874
44356
12736
13161
14183
51718
17995
45729
51430
19903
29291
37089
52947
15758
868
23050
12493
36197
19343
36789
15867
10525
3912
2187
37260
12004
40464
11513
25082
2432
32869
15333
24509
21260
9594
20792
10518
28504
29127
53030
48572
15441
12260
38715
51890
2427
31263
17000
29386
49130
6496
37410
42944
41704
36530
23910
41098
21609
16797
49065
15279
34416
9926
13104
36877
47222
35998
31654
12989
28221
14325
52948
28821
41889
14100
16689
49622
29237
26832
32915
10481
31935
39884
7290
42650
49030
47416
49377
15888
22015
53831
11418
7093
51182
28126
34959
20411
48422
27348
16190
22803
45295
41449
53111
11787
43270
2579
32609
43625
21804
30793
8203
52058
24540
19348
41141
10393
48844
723
38924
51781
36652
38038
3828
39189
24025
51980
25282
1033
48528
10439
20348
14759
33915
13716
43661
10158
19123
48610
43974
33911
44499
2254
41899
8958
12277
37713
42440
46517
31084
29962
11366
9620
34674
53500
912
33682
24364
26842
39290
53689
4820
5962
16255
7757
20859
30461
36347
37890
41015
33342
26777
29424
39028
53739
31055
36355
3276
35611
23225
51119
45186
45688
24682
43282
45200
10898
43240
2363
4909
26914
40219
44789
19204
21848
36249
43955
12879
23439
13807
28783
40091
4561
24693
16599
51442
45600
34867
5586
6817
16700
18104
16935
3927
7356
41754
19641
11603
40774
15370
25079
34385
32347
10581
45387
2329
26661
740
13599
1286
35184
44808
6160
2775
51039
16004
28261
47504
11663
7443
26465
17970
16273
21480
12419
13885
20678
35017
30918
41654
11642
11845
27736
30530
5591
50521
48162
44829
40535
39033
1402
47960
51994
42269
118
40058
50006
34195
26662
35530
5510
46468
32236
22685
50484
34701
32913
12942
49069
47863
40899
37827
27016
34991
30177
3968
50032
14214
21336
21267
38383
8346
52899
34142
18750
35199
32311
51164
24563
43716
39239
18032
53302
6412
27694
49235
53593
38081
42263
51496
35090
48809
25842
19514
28315
40164
35640
40608
25654
11537
27713
18662
31833
32429
23423
14684
858
14054
32845
44089
42179
17496
28849
18906
19222
23280
32172
4297
7498
15735
37964
19157
42970
33236
33882
31252
2972
14525
11904
8266
20509
35445
13007
48263
15883
1806
6925
16464
38335
10044
10336
27714
14221
47165
46896
48760
36472
30295
34875
24159
49381
31298
23915
31292
13627
42169
38869
3571
11998
5142
37819
51028
4343
15719
830
10136
11076
24168
9239
24402
42457
41600
53382
9548
48595
14333
5460
53559
21126
14484
44326
53765
33908
45958
18426
6582
12431
13371
239
20539
33068
661
22919
33494
25885
35793
2750
40516
10635
41552
47396
5233
51743
47172
30097
21597
24848
7626
12096
48635
36574
495
53754
28727
15523
40185
41844
42286
50144
17538
30277
7286
35580
39848
28387
12177
11275
7525
7392
38104
46240
34726
29065
51865
24729
23310
46749
26779
19192
31715
26792
11629
53668
33889
2755
4181
24288
41650
15022
36803
22152
48761
53406
42475
37249
16749
31917
37794
10789
23697
5214
41185
25996
32024
50384
16620
29698
46748
48567
49181
9831
11947
4918
17487
12045
7468
15364
30329
28682
46821
28113
8541
2983
12268
39872
18122
14182
53968
48842
30503
44772
52700
4112
11840
47352
145
3859
12896
50481
32658
5206
39721
43702
2463
27527
52660
5602
17065
1827
34659
49214
23082
9590
21737
48901
26161
26660
28334
5075
39625
6797
21044
30238
20654
6704
2299
10297
4460
40573
30985
3056
16016
8213
30968
25208
45628
36270
44148
52877
22106
5790
19816
15961
21517
31739
6132
39916
16772
13004
5603
18795
4875
14738
13666
22384
50244
48666
9604
46547
2726
28210
29917
27351
21573
29194
36321
6946
1396
12117
51422
6754
3974
49262
26713
3564
2908
26870
48971
52478
9361
8671
40150
12526
37148
10347
19595
1832
20337
48021
26727
2350
17926
37196
48430
35194
656
36476
43828
30514
38828
37788
21701
25640
15874
50362
36123
22786
25803
46121
14611
52394
30186
8358
9336
20013
26279
49067
50110
31752
44242
31151
21707
47577
38297
27531
48315
9880
23830
6078
38362
53019
34634
33442
12749
26240
30387
42223
29236
5592
39346
1537
19266
42942
43451
32550
21094
27100
27051
14949
3947
45023
46480
17594
12640
45392
53236
21964
37211
3753
34727
41781
7388
6766
46139
24724
15757
27804
37129
3187
32285
23615
47243
13701
1468
39717
8477
19589
18103
4687
52740
42052
20184
17276
28037
40637
131
49521
45086
21870
1320
5277
30030
13970
41278
25840
9416
9608
37100
30495
14194
25567
47063
15161
21176
15485
1597
2757
1475
47965
46105
5697
36275
2474
2805
22760
16627
47811
29478
30663
15944
46697
46745
16481
35339
31068
37407
1250
22566
15974
36375
33544
49384
30428
52505
38844
20406
6556
52144
32059
1944
11384
24792
40844
25197
4379
14800
20550
34249
53180
8104
36071
23141
1861
10250
4019
39030
24182
47262
25972
33269
7004
38973
21670
3213
44903
28491
6162
50436
2175
21415
4769
27840
3442
21910
19360
14263
41379
11830
15882
32366
11190
11115
2870
32814
26537
14626
26728
38018
31097
50167
49189
13757
33839
51231
44988
39983
50034
3553
13521
29512
21081
6878
45783
24492
7539
4251
44739
38209
30678
33789
49095
42589
21823
18019
6832
8281
28298
27349
37120
35837
32606
14162
39066
45206
52634
937
51570
43600
23067
5680
11471
50687
9171
1137
6879
34207
3763
8976
15
40095
24535
30688
23882
24047
4229
2051
365
23581
10451
44073
10371
37820
4485
18024
18460
28715
44771
27370
31671
845
42724
39311
40644
42226
20136
38540
20883
52427
25509
51788
22674
11728
9660
41900
8971
3704
36683
2200
14432
35182
52970
45623
15276
51093
34479
17653
4821
35036
43787
48819
53457
13528
38910
36318
26716
50906
12685
40474
16179
44330
17952
52560
48779
5854
39447
15552
38980
37641
11399
43762
48853
14242
41467
21295
27380
11466
30838
20510
7282
5379
5393
43006
19454
44741
14505
32289
11039
30411
2594
37037
47729
14639
48735
22770
29432
40812
48285
12445
25241
24129
39090
13436
41109
22447
2277
23116
34496
50643
29589
8517
16961
25211
18526
9891
36312
21324
45699
52309
7895
30158
8168
17586
5134
36352
5907
7185
31187
20341
5506
51127
8660
26624
25253
47035
48390
15357
31196
9860
37377
43685
36785
20021
42063
20739
8553
52302
31323
20338
38284
53278
53151
27646
48599
4890
2125
50746
6538
28255
11760
32220
42410
34243
15767
31500
12332
43252
9602
33861
44457
16353
3219
8627
32810
35801
3366
29221
37335
40092
46515
18324
30243
36797
45777
16576
43133
10205
24280
2678
16019
32210
4494
8864
16845
15963
38363
18543
9008
53554
26362
39248
17466
22363
8639
27588
11078
1666
50879
30128
4895
2417
47207
48986
756
6736
23444
48321
36181
1910
5704
24772
25776
52352
36175
32616
37582
53057
48860
34926
29404
11970
30560
16213
8091
38877
24028
6703
41029
47983
28721
41954
4306
30898
49597
41593
8422
3129
41427
2076
37925
38321
18283
28061
19161
7684
5975
3663
38525
51082
5822
12679
22018
29806
20612
20149
52980
30812
46191
10515
47097
7869
28
32443
46117
18047
32295
40083
25374
3333
41048
4354
9503
23449
42472
24410
46651
35591
31379
29304
39332
53375
46427
20518
49615
7792
31143
31685
4307
22183
19354
13683
22345
51744
2188
30192
39297
29651
52811
7357
23977
6054
10324
9587
16505
16137
37847
27595
7804
25130
15385
17924
39209
17854
12137
10454
25496
44294
18285
42387
4219
17116
42188
21873
32597
37393
34290
52100
15632
35596
10427
4099
37277
3655
21610
52236
24329
4487
3458
24431
20828
32467
52012
43729
31516
42598
13682
14602
25954
24618
35001
13731
8286
44957
36893
1530
47705
15935
38269
48966
17200
33723
15645
47044
36739
20699
50578
27640
41437
15927
53472
19828
28369
4941
19645
16122
20561
43938
21554
50335
11033
44722
39985
3033
32258
18774
39448
28469
27688
14941
20791
8204
4843
50933
14471
12238
16614
39139
21444
17841
43510
36685
36060
19081
33575
46085
29498
505
352
23346
12154
26079
31448
41815
1275
50659
17457
43490
7373
48023
26147
20533
9278
21966
27153
6662
45545
24847
14415
23541
49794
43231
11654
10932
17078
52771
4134
3317
50592
22968
33443
46899
50356
25601
19341
42677
53341
36016
20134
44987
31816
26655
13273
26527
2608
17236
51954
24731
26153
48172
50642
20753
38807
13073
16078
35217
45609
11279
24460
40603
29805
20596
9840
49434
3939
32187
29872
