15805
4294
1630
27263
41557
5549
14288
15166
8204
7931
32778
4096
7041
28377
40440
20334
25391
7497
20144
40893
38476
15662
34958
41900
18311
41385
37471
5214
8909
25847
11688
32100
912
28856
36395
40991
12901
34050
9985
36994
29939
12723
42911
719
16830
24160
10636
21045
18033
37695
11957
43724
22501
17815
24488
4019
41660
38788
5205
15971
38309
1907
31101
2188
3655
162
18063
17642
34595
16476
43517
31331
31032
16246
29388
37194
24312
22002
4494
33439
1859
25799
32039
25753
8150
13527
14190
41047
15082
29859
22095
43528
12654
38180
39471
22558
19392
16058
12332
39602
42887
11032
3131
31141
7014
41296
14490
31079
19054
1780
21122
24118
1681
32747
24907
27181
11765
38892
27852
37650
29390
18080
41882
21330
1316
23794
723
38355
32873
23541
36841
4324
1020
33855
43059
36801
22760
17310
16779
7042
19331
33806
36667
41828
27449
11251
25270
6633
9365
43674
15288
4496
38795
21446
22804
22536
28487
41017
41612
14482
20413
26980
9614
43478
11977
28030
39689
32997
42006
20883
21745
38779
18462
14213
37579
33988
34900
30321
11258
31720
4033
26516
18705
33884
9774
19903
41717
31437
22669
18641
6710
168
43546
22557
39631
37567
7640
32836
21587
31562
19876
29107
30427
11088
25097
6039
19542
6669
29468
35108
22014
35040
37585
3118
10373
30820
29415
41137
26871
2357
11116
9196
25525
23720
43424
2362
30107
10050
16772
28714
41082
4827
27186
29661
10282
21065
6082
19290
27674
27805
17388
28235
1850
23596
5298
5470
27378
37557
26293
21282
43264
13303
16034
30563
14459
37421
8455
607
30368
40034
21598
39506
36159
31499
38443
37296
40980
6955
26945
40420
15487
22110
9114
30776
8626
25971
41990
15513
36793
12562
31862
16475
36218
35607
39756
40174
26709
21937
9004
623
23921
21530
42648
30760
675
43677
8965
439
8618
27795
36171
13897
6926
10140
15979
40075
41563
13429
23527
36419
15571
26561
28264
41260
12304
27207
25447
33587
20589
3728
43175
33445
13568
39104
33834
3315
40227
12245
35513
2363
8838
14784
8808
29327
20354
40439
38772
37573
24955
23408
27051
39221
17900
13840
15763
26510
17814
24450
2739
36328
29215
28792
28396
1033
689
22574
8067
18540
34632
22998
1962
35076
20132
1524
35628
38793
39080
36736
2399
19440
13635
15554
15264
25563
22503
31350
25874
185
17937
9776
40320
37828
5710
19636
32531
10602
34491
23584
12242
19796
5161
11885
8023
42885
6875
14268
34943
2142
3690
7305
9912
35545
21231
25907
16500
6755
19653
34771
6644
3868
38527
34725
23672
28268
3985
9567
34821
2496
32624
38535
33227
32913
10944
2221
32973
27556
18908
24028
8135
11224
11366
33931
17769
37373
33109
23504
1497
42678
37138
26843
16070
11183
41661
7804
27184
41998
32567
35116
35699
19538
32566
33786
16985
28027
16997
25964
42337
14062
28345
9523
40204
24883
43064
36209
31547
34507
22356
8915
20799
13134
18558
24155
19432
27235
6482
21876
13067
22192
25405
6949
5698
1771
26491
39539
2815
15654
4847
2721
26697
13625
22177
42691
2101
27292
36441
38141
43294
24062
36197
11480
7690
8004
40617
37779
30240
9460
13602
11384
40197
34672
41268
20459
33559
708
8498
30705
15696
23231
16738
11571
26727
765
7680
24762
19353
42533
14427
33660
7848
9422
13691
5532
29224
19977
16094
31110
39470
18758
42467
39121
37688
33970
36018
43500
2480
38203
38392
28977
38989
18717
22642
22231
10274
10109
21471
6379
25429
37304
14462
10801
15792
24130
43653
3967
9564
36955
36857
33541
35306
35119
18890
23575
14519
13584
24649
28339
798
15281
24143
42697
27999
23414
38566
34627
23453
20822
9297
21938
11024
15596
19390
16219
43457
14982
30609
10804
10053
19086
35130
16740
26814
11208
11485
6241
29245
2727
1250
27021
33087
17739
35368
35320
28636
27094
29382
7092
39843
349
17430
8539
332
28780
25376
35830
9235
39222
11653
16020
23486
1530
38984
19278
42485
40539
2685
39450
3511
29168
1215
36924
9142
15641
18565
31927
33032
35177
15408
29831
20564
17498
10817
18436
26385
31211
31609
31841
14370
37441
26866
33544
12237
23280
25338
21298
699
13898
41824
43075
13627
39004
11772
12597
35572
14672
16060
4766
42825
13985
43289
2247
35077
29072
22972
10088
43279
43703
21228
18487
16937
23933
10346
38213
26810
24742
26394
101
14767
5755
19058
440
34452
25452
8054
3608
34432
7600
17936
37989
33964
40600
3219
8279
4895
39344
43198
30274
19800
10574
5070
24809
9634
42522
36275
27747
21020
15099
19501
30790
36856
15984
41554
20382
26588
14182
2181
1598
6012
24225
22930
11891
5327
28584
38456
20408
37268
1937
7814
3458
24882
8070
36936
8087
27350
39461
19266
17804
26133
7108
21638
22955
6938
35212
31118
3355
24100
20641
36078
16480
4343
39472
26372
35216
35812
15997
27889
34622
3947
2608
905
25437
9019
10393
37348
17004
38767
20583
21540
34456
1312
37466
2314
37103
18382
23141
9850
33396
16897
30595
19515
8581
39283
35159
36122
22186
13209
17562
26637
30069
19747
6312
12305
3774
35124
25590
37570
13599
27426
16388
27935
26467
16812
23734
3902
14916
2848
1895
10375
11060
12736
33280
3790
38055
40648
3507
18307
39775
29525
18022
6990
35190
34640
2534
42143
22417
16566
36472
13917
22996
28442
30883
16494
30920
19887
25905
39774
10081
24926
18723
3049
22255
3106
35149
31577
42241
22179
8365
13423
17366
28521
20709
23683
2432
6507
34357
13583
11311
30307
29540
29828
7525
22475
39926
36605
8670
22253
17946
10412
22725
4136
14389
37282
5254
27826
40155
15999
36036
27629
33556
5960
23516
27010
2929
36376
33751
30155
37422
14188
16181
37239
36375
8391
14631
15351
34154
42902
33624
12592
30234
13621
26342
28652
10344
41611
14437
757
39598
42792
16367
11344
115
23880
381
26678
25133
25298
23552
16323
11049
22816
24626
8517
31980
15552
24538
10123
10281
36124
2819
41289
30819
7501
13339
8073
21386
2970
37200
25182
24262
6754
4593
12585
19945
1110
21310
32310
42388
5949
36379
36033
14602
28728
41070
13922
34106
6804
32045
12168
27844
23619
31532
20204
2016
31241
22271
39083
20645
22274
43592
27436
7753
43224
33886
29996
20378
13521
15911
17436
43361
30102
40673
13624
9474
25855
24127
26670
2083
33677
33837
23741
19202
40570
2254
40612
562
6451
17695
23962
7051
33115
1638
40447
6982
27775
32753
35878
2723
33832
20493
2447
13424
20826
39274
30474
5199
43627
25885
42795
8111
17645
31520
26409
6831
15991
22768
39143
25520
35411
41859
19446
41232
14347
32720
39170
16873
24211
4331
20864
30179
19864
38920
20433
17364
3968
4809
31178
29858
33607
34902
33172
16747
31481
13381
38340
15
18708
38742
6736
39368
34010
38911
28291
8951
10541
28153
33418
12414
23164
27713
26164
9551
15414
12331
16570
17289
8738
25842
31042
33420
36076
14929
32413
24094
4516
24618
15485
41456
21399
33579
35291
30843
6717
39980
28066
4793
20429
19196
11952
1442
26947
15900
1197
23655
17263
34466
9838
28642
20909
14963
24986
42345
30213
29633
38176
6259
12216
29895
25569
33130
8368
37118
31121
37289
20642
12580
37428
33151
37870
12139
21288
25513
22443
25301
21700
26117
34045
26462
19525
5749
38273
22663
38663
39367
33019
14754
11568
10495
26827
33492
14906
13750
11540
17453
40970
29314
22612
27273
35425
22599
34216
14864
18854
28118
19746
15350
10511
11558
9169
41641
19704
12843
27920
42549
24828
12532
41955
27152
37867
922
32058
10405
4218
11063
39018
5908
33649
36165
8314
1551
22892
2798
4139
20995
24329
35033
41279
4816
11834
21255
4717
13131
41238
15986
33935
30389
43114
39675
34614
11876
28026
35352
32816
1092
4487
40143
38670
6222
25796
28503
29029
6946
1222
31910
19888
3526
40901
23470
9624
23365
3708
18011
31975
12302
20349
2748
23284
36677
34112
13020
12430
42155
31830
34813
40339
1616
17886
10766
1708
31639
13825
39779
12268
17982
36821
5523
18779
41546
2953
37503
15484
29033
41670
11704
217
35179
12199
8886
9603
38205
2509
33179
15948
9616
20747
2880
12797
29105
24609
6778
11924
18094
30261
21887
4526
40337
20550
31943
28700
20990
7449
10037
11170
29665
10829
19550
35675
34582
28319
27858
23315
19009
5991
36569
15535
33133
28485
40352
42420
20165
15244
12590
1311
15088
29841
22045
34199
42968
41556
8139
9889
25783
31690
25589
6360
3605
37409
35778
16179
16080
41764
2114
11832
13507
25306
30061
30115
39187
14674
1080
43308
37318
32263
39929
10891
34245
10316
7930
29768
35106
5795
22908
27516
17541
2417
42118
29942
14212
13480
34306
40332
14468
28199
15158
32735
5648
20063
33771
14999
26648
24168
20560
26611
34955
12189
31277
9570
42753
3472
9155
24506
27027
7170
27443
29096
15519
8389
25523
12371
6986
2313
31617
18006
11880
14956
1882
28252
7784
27595
15381
28113
17285
4251
12177
39163
27550
7881
29982
9329
17399
10353
41003
17050
12493
12554
14361
36333
2972
40625
35232
30299
28995
21364
29185
9205
22673
2275
27972
34780
4282
7637
26090
13746
19154
11009
1832
25044
364
30270
21072
32475
19994
16725
35371
5528
2484
21963
26531
14094
33350
15075
23472
16238
18915
6970
35302
39249
7729
23173
33159
42543
26636
30174
3252
23436
38954
17768
18584
38838
41010
2058
25661
35680
34388
29643
31906
20485
15791
23134
16769
35387
33034
32088
39580
1531
40325
24353
16592
28353
13892
42548
17861
22831
4818
2750
1269
7462
41465
36045
14230
32054
30066
22561
21278
3477
20945
27091
16409
41495
35799
36775
29266
175
21984
19419
21302
9899
10431
16250
30094
15367
21192
21506
12315
23522
13230
22769
22175
37550
35754
2977
28639
21812
16135
15144
32731
9527
18503
28419
36503
31096
4270
38642
19140
3556
8479
17127
15187
24522
14127
37520
11668
33303
12816
15181
21205
20933
36918
35678
36885
12587
18005
8136
24788
3022
16432
10032
11694
20932
16764
27523
40911
1666
18104
14191
42348
14656
27878
41380
25436
36610
22190
4504
33128
20079
28475
11750
7971
21980
25492
18030
34256
1861
41295
11657
12913
29642
8051
5052
42537
22293
10286
35573
19697
28753
37526
30742
36574
26626
9897
26918
14086
15932
10532
34903
35265
40299
36532
16151
40116
21641
20294
6237
15849
17951
1165
5059
9903
41158
2847
27643
23306
34341
29690
34114
20579
34212
21787
35349
37660
34871
33851
12720
26298
19687
31028
20112
5618
17286
104
34348
16458
11375
25253
34049
1812
37092
7835
28104
16715
10554
4685
25937
19626
27465
29022
21367
14174
11663
4957
27758
26592
13052
4774
37749
2187
7916
18521
3669
6787
18019
27448
1167
22927
20756
5233
2927
39014
13064
30298
16714
42904
17517
20231
32966
21531
19842
33300
26314
5816
9550
37191
30440
10121
915
37342
10377
29712
16424
41705
30599
4099
6141
21341
27063
7898
41726
7878
16666
18347
13731
1001
39818
36282
25421
24944
38950
34858
35717
13073
10082
34386
21
26912
43280
33960
35327
3083
37741
31207
8553
6009
22646
28799
31252
36278
12038
13940
11206
42000
18983
28928
36774
28095
38108
2076
26812
21481
8364
16585
31698
37558
28261
3280
41729
37035
38590
17501
28604
21977
21214
39752
40839
23781
24188
42504
19949
41901
28448
40844
14695
29414
18237
31029
29854
31806
43180
35461
7604
4958
437
5403
15547
19767
12634
35619
21180
43623
22147
23432
17680
41479
5419
1845
37113
35163
21768
18940
19909
33581
2531
5787
835
22528
1118
22015
2307
9055
6564
40476
32269
37243
43719
8920
2688
26935
23228
27621
17189
13261
30031
28473
2078
19875
28813
6690
6905
37512
24682
35009
30053
18795
37253
9988
36572
39433
18041
38241
5055
31433
15226
27695
10605
30490
40076
20194
33720
39460
29461
18973
11666
31730
27054
12738
36703
3789
23404
6221
29998
34336
32818
36963
43034
43503
13838
40709
12928
34645
25736
10807
26788
11417
37983
18283
30799
13158
9635
5639
20430
14168
30974
29984
22526
41037
7949
35943
17169
16510
6576
26255
36515
13098
7743
33958
10397
10490
9115
2816
41050
38734
43386
10097
28477
28481
31652
4354
37029
42455
13969
30108
28990
15364
34115
5190
7843
22382
4821
871
12213
845
19107
4568
6516
33182
18594
5911
26520
3915
2908
37479
34553
27544
24021
21148
33924
39055
12469
22472
14512
17521
24414
3792
40594
4390
10517
42523
40903
12710
38349
24672
25245
36789
28397
15782
21552
13910
3996
12422
34687
9466
17201
2027
3228
22187
5857
39250
9443
16322
28778
42212
8768
14394
12677
6049
14953
15972
25089
33941
15978
25299
4653
6971
40451
11942
39671
33936
2887
8025
18035
5166
22795
218
22494
43063
20694
22829
33316
24469
14710
19514
24696
36613
15935
2011
27562
15200
16880
8168
43753
23871
29653
40575
595
24510
42377
34522
10985
35103
40736
24681
11819
26051
29300
21520
18978
34857
9179
12054
30663
40444
13890
3869
33982
30246
4514
12220
39611
30162
6410
11859
29764
32133
32839
9505
27944
9992
36223
12019
23826
27763
35610
1667
17806
7991
2518
10659
3156
3891
6412
6281
5338
29316
10451
7007
38944
14664
37896
32717
8639
13987
21939
12279
7440
16936
17408
29603
14095
31684
29361
3534
16371
27476
39007
32354
10146
3316
15938
2411
2290
7442
20136
5653
24962
29208
24167
9619
39294
43448
26304
35034
15129
42453
22260
8521
13835
43565
38679
15271
15884
144
11505
17462
42358
15481
14278
10170
12221
21286
26645
8704
43099
10512
34132
32830
383
15637
34499
6623
38925
27176
14663
4389
10348
29576
30074
36228
35701
36309
26515
30815
28557
988
26742
2655
23125
2329
6420
26852
13646
22659
15700
9435
20481
43647
38917
13328
25511
23433
1081
6152
42573
41499
37210
41217
40065
12393
23232
15326
43612
13617
37854
4903
24818
8884
2767
11575
29480
6676
239
33602
23326
6414
22384
7028
36962
29231
32347
10148
36294
12836
39952
40569
6284
27367
23581
28972
33408
35579
3782
5135
6799
11252
29971
36534
42136
3963
12774
5367
26037
7615
40990
480
40012
20602
24150
38878
4001
38007
19372
38219
29458
21136
14978
4125
36771
22193
24811
30895
31835
3317
1910
17830
24851
20091
30675
5562
18651
42387
32068
14221
496
18847
26580
22602
32452
7296
4869
33808
9758
4850
32352
4802
21682
16309
713
14612
25475
37443
14510
18663
39198
40262
18452
32673
31551
34318
9583
11430
8347
26161
25048
1950
29299
28900
7244
6355
20278
27175
29836
12695
7040
38164
22338
23168
34840
25788
18354
1460
28205
23583
37676
42670
18324
22618
9347
4538
32411
41288
6962
32433
15725
14257
16306
21772
24628
14355
27947
34028
3564
36700
40026
25120
10042
11226
14076
38458
37849
16255
2352
5740
41481
2490
36528
5294
1317
24261
20829
9710
28773
2549
41921
4890
27333
19093
27656
139
35155
31993
27487
4064
11020
33357
2903
36021
37539
4982
42501
16631
9977
38701
20752
32665
40422
4290
42933
41555
9042
7282
40751
7093
26747
32462
8506
27934
14732
43649
27568
25640
37837
34807
13116
7536
12443
5081
21696
29625
7232
32822
9599
34350
8877
11974
32162
15442
12528
40994
29238
40334
7300
33511
29339
36580
43007
29338
19613
29870
39030
16448
27460
4158
6587
39641
21087
12155
31613
34631
1224
23150
15456
29497
40937
1732
28496
18034
43148
30046
12676
34907
28961
17117
20635
39298
11895
23621
38790
30554
41124
4744
24834
23863
33979
9223
3912
1086
38486
39518
38332
7011
6150
41751
22676
36392
11174
4706
6105
26101
15788
1507
5604
22158
39983
42202
20256
10401
39090
13871
39414
21545
43582
11085
35304
10822
36495
10884
5204
2546
38317
4678
4162
21031
30583
35377
35724
5660
38949
36739
17569
3066
30584
29619
27981
32827
31027
18603
18932
32556
28912
36413
23563
42292
35438
3515
23385
7480
17871
893
37987
39026
37003
42106
26170
15619
507
16606
43739
32843
32476
10805
20055
26324
21806
37333
22527
902
11389
12605
37145
40223
31142
24250
17262
11004
35652
11943
2636
27013
4922
42008
16869
38666
38731
15319
10358
7412
1235
39948
13132
10160
14540
28243
19097
19570
2778
26175
35466
29122
39155
31640
40754
5434
30666
36234
34495
38329
18965
28360
28855
20086
37087
16782
40093
25263
39864
30597
35050
7902
28551
34975
22506
6783
17424
7175
21575
20387
31504
21848
9790
12974
40735
29283
575
37340
16975
33844
9828
4867
24313
22575
43383
38358
18725
9972
33360
11959
23015
471
40168
21677
8563
25285
1571
24597
25445
15173
11030
31238
2185
11746
38726
9966
41399
14075
30352
2769
3496
28898
25587
8271
19185
24365
21946
14897
18479
11399
6958
31838
34862
39229
2402
15774
18225
1735
24330
34190
33825
5962
38824
22114
15441
20901
28480
41466
12176
3293
12563
36620
17323
40475
34804
17623
41918
29451
11915
23372
6187
8140
20051
21801
29290
23608
31887
11472
39478
41932
13118
627
11392
17983
3160
5510
17393
40437
36816
11753
30947
1178
29164
26165
14149
8104
11837
22865
21893
26348
27714
13278
18917
26350
20899
12586
17976
41747
18730
27279
22396
37801
20004
3211
12929
32910
867
33364
8878
27238
42772
43334
23506
9133
1746
16226
2128
31915
43651
9263
17355
16430
16540
20605
7775
40910
38514
20301
19386
35544
38068
35264
32396
17880
27380
18313
24526
10158
9968
35325
37269
11616
23298
35221
985
15506
27170
13632
38442
17052
8735
38470
38188
18964
1292
25586
23017
11115
2610
34741
39645
12811
13557
29777
8424
1310
36488
36655
39455
41360
15386
6148
7468
36389
42721
22638
43733
17302
11440
22305
34335
22424
5054
5854
31251
17337
33835
42924
36466
42641
28505
35843
10567
24179
17737
18265
17847
6256
28645
21549
20741
34537
41678
42422
9386
8056
23152
22724
23694
37656
18336
20337
35085
34945
27129
29463
31407
36412
36091
32153
38780
38648
36624
34078
34139
1163
1572
35074
23415
20030
23888
4243
4992
3778
13004
19305
10391
41308
4184
36690
37148
26426
14331
13756
32231
33617
31530
1275
26195
9606
39988
41728
105
38107
13403
35949
37408
24606
17443
11140
24976
35067
23957
22386
9458
9989
1466
6289
4716
35753
11172
27766
21517
34075
18561
646
26032
39884
30541
7819
17761
36556
17709
32453
35915
28755
15887
118
41363
4833
26444
8854
9264
11877
38715
32684
3056
29023
30417
29376
20732
31476
5637
5263
24036
23356
31510
33515
31471
9881
17180
33490
15670
1933
37168
24783
22390
12200
37455
18851
23592
43054
36670
43309
26166
1796
12690
13773
40741
22369
20491
39315
43367
11741
38298
4429
40152
29348
4229
33325
11914
11103
41382
30123
25723
14219
12283
4121
24455
2659
5951
40960
2985
13936
6180
37046
22604
8971
39795
26360
18578
12685
16652
18947
10645
18912
31705
22446
34730
41272
37543
7521
25079
18111
31622
7865
4828
33536
27483
33539
14118
1116
2989
9257
2609
18124
2474
5968
30535
3430
13336
29911
13820
9831
2517
13885
5195
43568
15038
37986
41531
43103
33057
30516
36561
39132
34083
181
34630
11627
31810
590
20183
32363
33201
34564
33746
5277
10543
14793
38071
20768
10241
18819
22215
26446
4561
40136
1377
875
12711
30956
3888
8490
22281
6662
36119
8773
2521
33752
33363
40622
33854
31833
28357
35713
29602
14863
33784
35683
12389
4662
34722
35736
25326
14156
35293
34577
15878
20533
25620
13713
5573
27797
40506
17869
24874
30827
9232
33955
32061
42591
23008
34897
32304
4670
12763
26565
42189
19250
5119
12204
30239
42094
21617
32049
16567
32625
1719
1860
20097
8013
39078
25200
21005
6231
37835
7463
9171
36877
8874
7725
34465
10471
42328
9220
31025
19668
13242
7670
33510
19228
13708
5596
36490
2342
9490
36952
28741
17977
13322
29326
7869
36453
12697
17071
22053
12099
3770
23968
37717
30574
13656
5260
35624
12064
33744
12852
34875
40434
25663
676
20708
29420
18905
30532
25213
19190
20424
33082
43362
6781
26927
34425
30100
12459
21635
7673
19661
6815
13978
13865
24247
20649
40067
26292
40222
4995
8311
19284
33101
15017
17195
8286
43577
2580
2578
16225
4355
28047
1989
25340
35553
37898
33203
15339
33551
6030
30278
12209
10171
10808
30919
7071
34481
34172
17706
41300
4079
32381
8633
15052
28201
9590
33467
28192
36263
40808
38912
41968
26053
22796
15429
13738
10419
11157
17136
13916
10722
40794
20205
32772
6162
365
16405
31879
21000
23400
2230
41105
33244
31578
22353
13620
7360
9066
30373
16017
668
26209
34826
5978
24723
4440
2717
36316
8657
195
2805
16022
28330
13333
7377
7641
21955
2647
1737
31590
5407
16595
34739
41467
20360
39300
39444
30164
15894
10967
11630
33940
12731
33912
10141
31777
3232
3830
34087
15201
22984
987
29673
8145
41422
19982
20840
2344
25862
20931
4176
41416
10932
12039
6893
41312
21792
10045
21896
36374
33759
28002
16885
41647
36958
16317
20921
12910
37576
12956
33724
41834
42950
32330
4478
10220
30051
10012
7344
41866
30739
19571
3794
28868
2550
2080
27781
36010
7333
15674
16112
20438
39172
2328
895
18083
38754
29979
37234
12383
18463
30341
7421
14263
9944
29985
22867
17884
35894
7736
22388
26323
19121
26784
25397
20873
21986
15424
7721
6054
25185
6975
29958
1288
41258
33658
15865
2775
15909
33086
28606
42592
41074
11807
6743
39363
10450
29575
11191
9266
29864
35322
5858
10309
31426
30923
16535
26066
33857
17629
37729
22483
13730
28
9709
36506
13699
6338
35986
32246
23352
42869
7751
17282
13475
7625
38831
1956
32253
15729
39171
31250
23917
1778
42761
28178
27706
21771
20743
3471
26696
5042
27210
11870
11675
35946
5175
12296
13356
39800
1632
4393
1562
17625
33284
6594
20220
28168
18767
29494
20687
8256
11217
5454
3753
13078
9574
5336
8053
16867
577
1337
13161
32307
37010
36985
27614
15338
14148
10293
29823
28766
19749
39297
39133
22520
27036
19589
15440
14012
39226
5824
29546
2995
15922
4605
19629
5722
7030
12512
35206
35721
1553
6593
18100
16198
7980
10086
2445
14873
20522
39520
17636
488
18777
43169
3431
20647
13174
42914
20460
801
13824
10403
6910
19588
22071
21826
3075
27034
21573
5062
8170
4210
23195
25455
8321
43510
15694
30781
1044
43116
42327
37632
17359
10634
32094
24038
40584
35392
20342
20054
6073
38382
15493
14003
10371
37613
19454
8805
8541
19111
1827
38730
26163
28820
16189
12639
19225
5927
3010
25222
42810
28065
31310
31778
16431
15360
15080
20470
19791
3942
37074
21629
2980
4297
8433
11892
25769
19760
43641
263
29521
13498
31584
3195
12029
1015
957
32020
22620
11976
15540
21609
41721
8220
4220
8354
41510
31583
964
19435
40364
23496
40000
6019
33205
19334
24385
3662
3880
8141
5541
513
32179
41680
14668
30205
37162
36779
24836
42045
30749
33713
8276
21597
39955
1286
25256
23554
5701
15804
37518
31976
2054
20198
19319
9717
27866
1445
15333
37842
31190
40591
7866
18362
36903
24686
9652
526
37396
32702
6464
13421
34851
28182
13955
37745
15802
41474
4203
42757
37009
42649
2867
26307
9744
38135
16691
6408
618
1475
9336
9653
23291
33290
12583
7880
1422
26860
38201
21472
37652
34498
42409
28974
28356
21800
39542
34352
22118
8923
36102
40802
42335
7494
25136
1978
36956
37731
41980
29198
10905
12804
35026
3859
21028
8549
24176
38768
40965
4938
27005
29522
12460
32126
9815
9976
15765
35178
7895
29600
42647
791
24832
9451
12595
15050
43132
13560
7150
17144
4564
42992
40999
18460
11609
10213
36344
20783
5422
30035
35803
2962
22437
4307
5456
25129
8897
15305
13167
18845
37888
40021
28083
24159
8759
33676
42514
42296
18250
23049
2389
25955
27876
28134
36386
19535
4153
26797
31738
13503
10819
1613
25014
38101
42916
26599
34296
17810
22704
22458
41893
20728
3110
3768
7110
8592
9993
36787
41613
12243
766
15882
5719
11438
8709
14399
41958
18740
11418
23097
20285
23317
12617
40100
37115
10427
2841
6851
25233
7128
38524
671
16078
19030
36175
3710
14496
1843
32084
13638
33663
22818
32751
10726
18542
19821
20628
9702
13177
15862
955
17738
23565
25073
41346
3077
33736
2919
2373
13604
24789
42441
32305
37921
9608
23873
32131
8562
4146
4942
17658
15398
28806
9905
874
34376
43257
29503
4918
16324
42925
26699
23203
32106
37002
33012
33525
26702
21755
25716
12709
15062
34818
28770
8422
21679
25422
37922
4130
28698
28620
9357
33002
27318
37738
21563
10253
40738
7484
14749
2002
41482
29221
16103
3926
1067
12011
24571
41648
23752
36039
21871
35781
32509
12112
16202
36977
35236
17961
33386
21322
36892
6466
13792
3602
27960
12403
7276
5485
5516
23691
35148
26448
15411
18850
9761
27410
4004
20643
16240
24959
36250
35497
1753
28080
27212
36144
22438
20057
18092
3760
12045
34940
41313
33169
30209
35121
5349
4134
16460
15927
20505
30756
21044
9413
9731
13025
11513
27963
29353
39077
18152
39081
29034
25444
42088
17681
9217
33247
2855
15800
17895
1329
14578
43330
31443
16415
865
22685
9860
42700
2743
11353
1111
29846
3276
7149
25134
1818
32147
42738
31958
29770
27102
12398
41823
9130
5873
11279
20017
19317
2631
25722
23288
15324
36235
21892
14114
31280
39868
15664
8236
26375
27113
42288
17486
29357
27979
3064
38919
21254
6366
36750
13102
11790
32837
14189
38121
35247
40164
36732
28866
27497
26191
30766
13946
33499
25384
32210
16618
25011
26302
42741
12130
9087
40782
3513
1503
5661
16234
17685
26612
36129
33053
40623
12886
6813
15522
17999
40011
7254
32043
13360
33866
25072
25983
26995
25654
9373
37435
14492
33826
8955
41995
36931
30921
11640
28661
18722
36577
30752
35551
2581
26879
27423
34248
34999
31535
28712
23336
27825
31132
5246
21737
9926
10957
14006
38322
33126
2099
14856
10536
15259
31757
9006
34519
43539
10642
8240
21011
6767
31321
24464
6634
29707
25057
10800
36731
33381
10684
29552
28554
9643
25325
29964
13491
38377
15018
16439
30936
26729
13605
37361
38684
1091
37825
13877
8466
1537
32701
11469
40488
23885
39252
1272
7759
21867
10436
32648
7392
38646
33685
24177
7864
41266
9359
8660
27750
20371
34665
21201
4443
18529
33723
16904
13123
10740
39726
13178
34370
7019
25988
35142
40670
15634
31753
39033
40695
8452
22722
20939
16533
15416
31668
32983
21480
42419
7217
27907
4437
41629
28273
24406
30336
13171
3852
36148
37442
18042
34806
28812
12284
2226
27488
23207
33187
4267
38506
41500
43614
33600
29165
4635
8636
21099
5802
26576
12906
27914
31335
43109
21688
13246
12018
22697
119
27549
32971
12001
15470
3939
32854
1439
40081
21042
13308
36583
23685
24730
350
29205
36208
22621
29555
31897
1154
33859
14808
6635
20639
11815
27141
14242
39886
2330
1585
8694
35716
4205
2217
8871
36444
41720
35090
29969
22677
3035
9289
5053
32553
38937
22836
28383
33853
24886
24434
39051
15301
22043
16471
8009
41931
34799
41797
7266
37323
32208
19332
35294
116
4966
22038
33836
29572
37025
13501
3977
5158
21525
7324
42339
35741
370
42503
34895
5150
14128
36662
8407
38966
8106
35182
42520
38172
5064
40206
26938
7074
18342
18772
11579
41760
18181
4401
14990
19192
18881
1980
28810
9891
4621
12627
43048
21355
21204
24115
38931
16142
41695
15053
23773
14201
24847
5724
22674
18936
15404
32150
9319
30335
25394
18458
12415
3704
40885
21245
42370
39733
42802
21103
26157
1574
549
882
31413
5101
23338
19959
5464
28751
10079
31765
1360
25261
6895
32335
4865
16553
41526
33491
25412
16435
42917
39362
29385
41664
41984
9681
33474
15888
27419
19688
41106
25178
8068
20793
38945
41274
5511
20738
14837
326
43667
261
13659
42182
33583
34881
17505
11864
38078
3257
2622
5390
20894
10216
33865
40112
33161
41684
43432
78
24088
29535
15020
25888
38794
5198
18844
33875
12073
40634
3119
36305
3290
27527
36646
8052
20096
21193
23283
19343
36484
29057
4807
1707
19768
30150
4485
29286
2981
15085
1027
21394
4058
31791
31205
32895
37324
27018
9330
23444
22918
38519
38448
28209
43163
3987
14203
14053
7202
14501
31790
31080
33473
36360
10990
38294
29226
26494
6305
11396
2946
26527
16724
14017
36315
43010
36598
1916
6739
12990
23556
10852
20171
3039
13931
27117
26639
10939
29795
41757
30762
2958
3190
11667
6149
22640
38345
39186
7335
24663
18739
4303
42081
1003
11195
25625
16823
41903
16624
38600
3183
37410
5509
36760
30315
22030
31371
21804
19526
9847
10505
13754
28188
6103
26377
39890
6961
23747
21521
13854
37011
21230
6703
25190
35564
30173
41391
15767
34917
27578
15279
22464
15604
33715
39258
41507
24181
31952
16015
26031
17062
7388
13966
2691
25566
29932
15893
21827
16797
28794
18147
42458
18626
15190
22508
9843
17405
392
7667
11937
1166
31333
9745
14638
11672
1223
15883
26837
31102
34844
35105
43455
37308
38237
17412
33761
5822
26922
42268
254
23403
3919
23714
9789
34773
5683
37553
42207
39845
13447
633
42223
29016
29557
37957
5337
17518
34060
31387
40379
3993
22949
7597
18853
27739
11393
13046
5825
30282
23532
18301
2560
20201
30991
41257
36427
28465
6050
4258
23180
18702
9376
24807
14805
40940
14684
5799
26545
12163
25729
42758
28658
16298
34538
15632
15923
31351
4921
19198
27948
20863
32559
40186
15890
14712
41123
41839
3722
8993
36722
3656
3514
6880
38667
34337
6447
28957
35616
41002
1071
17126
6611
18218
34761
35831
27515
25229
40129
7889
9316
15300
30075
29826
19385
17403
33741
3488
31037
9074
24394
40103
9430
39075
28819
15745
3500
17644
21073
18573
18541
19232
33978
37077
6704
165
38515
36705
3403
9914
20730
34048
23308
106
39246
17094
36084
1676
13909
30901
20531
37080
16910
21167
2936
13217
14281
13591
22666
13949
14464
37611
4663
19806
807
22322
33738
33891
39140
14333
29454
37088
19583
33344
32697
15057
25138
33766
30437
22952
38676
39811
1772
40768
29739
7417
1894
9690
3874
35070
10163
5345
43172
11078
30097
35493
24971
18206
38367
14061
16398
10784
6398
14291
599
25479
37277
5368
36149
39279
42696
37516
27073
29801
18836
14629
14866
31054
21382
32209
1505
935
20125
18052
5902
3272
32869
38976
17441
30149
34122
3601
22794
268
13837
2157
1647
12591
34795
42811
32122
13154
8661
25931
13014
14035
29005
40201
36051
30627
40272
18456
27068
20652
13022
28692
6132
26045
2413
11901
18405
37912
9503
20078
27347
30875
938
43039
38985
17149
23438
12454
35790
41452
26240
39091
39758
23926
14848
40358
1696
18287
43124
11754
36004
28267
42870
11027
14944
20101
1725
29992
17938
6229
24266
26955
4875
614
18376
5531
30466
3786
38728
18900
16805
21669
28576
34584
19940
2172
21466
27524
7999
23098
36995
13015
14616
3016
35201
37015
33770
4769
19397
23096
42832
20107
28092
35601
34146
38948
39255
34192
30290
2026
12576
1418
15478
3934
1457
18293
746
37052
39496
32775
31220
22183
40843
7461
32145
27192
17482
24018
14952
37993
28522
43066
29865
7367
20573
1918
29654
16955
40401
31483
28429
13282
22068
29304
21656
32486
31807
29410
18747
3337
4509
31541
41971
23023
27596
3652
21615
27730
32594
20707
39211
2198
41782
10525
42727
16066
551
41738
4658
3300
13864
8449
29697
42287
27009
18174
12093
10211
9478
11449
41234
9970
21721
41210
43672
21104
21627
13051
3032
28023
27636
43186
5585
38922
10618
42394
21976
13411
14406
33248
27025
12503
33893
4068
9560
24210
36513
24977
15695
29978
1990
6397
390
22100
68
23706
7315
8944
16988
8465
22732
7294
36312
12074
24346
2589
38139
14083
33793
2416
23854
8130
38625
6620
1999
18666
23229
28889
37344
10814
34428
27694
33674
41840
29052
14444
24616
5592
35988
13590
19536
23829
23010
34320
2713
7630
16790
1433
9260
31464
18832
38093
34415
35488
34856
4219
3530
4285
4247
41303
1394
35472
38376
31200
10005
28340
22035
30607
20095
33684
4359
16662
34019
24803
40732
24852
16271
21732
16700
34732
2810
21016
20998
26521
19180
14720
24879
42096
29839
42098
30019
30310
36299
16378
8432
22471
27995
41033
25386
23255
12350
26553
33709
22413
33131
33004
7709
41182
15450
16253
14780
2561
19184
17615
21229
7678
37554
43115
36219
2260
13687
43310
13367
400
23568
16217
18929
7373
353
5851
17542
5459
40698
5326
26328
4332
18284
21950
13160
17522
5790
10332
40293
10767
28821
12479
9883
16594
33810
26732
13060
29844
40983
13369
22258
32589
16301
19817
14395
32332
39131
11542
10931
27661
35985
26099
19623
26155
3832
12342
17842
14937
2434
23884
29511
31271
43016
31997
35440
16027
7562
18264
27407
4721
32382
25840
37140
31498
7466
40277
32022
36905
18299
16809
30757
18530
7576
36965
39407
37358
34458
6213
13365
36617
27940
34257
32555
7437
17431
3397
24806
32814
34418
27259
43381
19040
8693
35547
8316
17723
3804
23910
7320
2965
7652
38239
22584
37021
12557
39336
41668
36860
25941
16402
17941
33588
3030
34195
30392
10772
8265
42860
3664
39032
42382
12896
27171
12465
18984
27313
30567
38991
36798
39469
31586
10219
7832
10553
41582
20271
20651
28119
27327
13954
42547
28549
11786
17457
42247
26651
155
5177
16576
8958
33221
31093
39986
371
38284
5867
26318
16110
25186
35828
10610
43413
18869
33764
24135
24891
30893
34463
43610
6345
34575
15175
42465
28826
4106
33819
25228
20467
43705
16352
28822
1139
23382
3828
33183
8496
11722
42922
29159
19531
37141
36043
10869
31452
11538
14613
2072
42895
3763
32180
30913
7006
43217
14516
26858
43157
23699
24301
20050
28208
25181
2249
3225
10069
8800
13343
30623
36928
42985
6837
16863
29279
26122
21342
35861
31563
10024
43276
29608
27232
8637
20240
28848
14548
37415
15299
19554
36369
24432
32850
13716
10010
37190
19716
39477
15197
11240
38422
17952
7401
43196
34354
4310
42983
9626
28374
22318
24068
25495
14313
18214
31275
43025
2064
28172
39624
33014
39329
21803
37254
2759
19575
37440
5264
24623
34218
33597
34540
8929
8662
32737
12900
34729
21088
2482
11046
32846
10106
29623
9949
41816
32988
18090
42714
6055
19935
20167
35771
33145
3739
41616
8414
448
30879
40805
22545
221
20610
6123
32704
26013
21518
16109
32582
18370
42314
18107
41327
27118
3108
22509
5887
40378
31152
30849
22345
26178
2973
25144
20876
24868
24003
12206
30736
27637
36420
32341
4703
32415
39851
1012
38835
14152
6559
23503
43313
25598
7744
19427
15013
29149
2830
40756
24505
2471
5220
9423
23963
29507
17300
4889
42376
9204
27909
34100
20392
16780
24049
12538
19301
20846
19736
24208
37588
711
35777
28175
39356
33384
38193
1362
17314
16313
32939
35893
23644
19805
40213
19170
33264
42305
13570
29928
31398
25446
34062
20603
153
12879
22982
31554
26786
39271
29020
7539
6556
18652
43702
1617
25886
24494
30508
40399
5013
3563
43337
8732
10672
38785
8427
25891
42010
2167
30145
24957
30338
6064
10326
35156
26746
8310
33451
1031
17848
34925
28186
36436
30826
40492
25686
20255
26511
22138
12072
21001
21524
3873
40663
18384
42320
29373
36777
38602
18828
24422
13552
32309
33636
20887
38596
19267
8480
12644
20486
14451
29070
13109
36752
39749
3416
13157
38539
36939
4506
6483
7056
9028
13666
24116
20318
36981
8317
16130
42707
42238
1557
31174
40388
26243
37692
10991
12775
3486
7207
23388
30238
20058
13613
12556
9663
14320
33198
17214
24360
31049
30236
32995
7682
17451
33116
11245
10433
39383
24864
20309
20236
7154
5099
20624
120
8680
26717
773
8049
38546
15275
35582
38651
37028
12009
6567
32089
32633
276
38982
11556
35973
33423
21027
6751
42995
21053
25959
22742
18466
33711
33104
37058
30067
42578
40487
11284
28131
8545
2657
22843
28558
14762
25824
12308
1074
4497
4061
9239
35794
39281
10477
7357
4431
20218
6595
22841
40377
34745
42095
11778
7684
1183
830
35952
28577
19050
39982
35779
35966
28392
11723
36404
26619
41981
43100
6891
23220
43161
26839
1087
13202
2300
3325
35395
29577
38879
7049
15702
21351
30884
4003
35486
11669
42590
252
36486
11699
11654
11317
29878
2303
15516
13567
39092
33042
22852
26838
5115
4559
41459
13749
12129
38608
41766
38574
9245
10504
18834
23006
10792
2299
93
41774
39601
34129
7731
36352
16990
6163
7087
5643
14321
38230
24531
5868
30040
17044
20774
35522
36068
36322
8082
11391
11297
7905
13474
32225
16950
36766
43202
21335
28246
14819
38572
19507
31591
22207
18649
42108
33009
21489
8828
33622
18774
2164
5856
890
14091
41759
26706
25679
20562
34358
4261
15056
31677
5965
38589
15917
9825
3241
15192
34053
8018
15737
11582
27526
6501
4623
14311
42386
20765
15143
4132
5768
13247
33412
94
1218
5495
25915
40443
21056
10534
42129
18240
524
27855
5715
27440
27860
23329
38199
38975
26193
17211
24083
16213
21719
21836
24631
43281
34081
36104
32075
11453
17308
34006
11164
7046
11800
24791
24637
42583
38202
17794
23705
21526
20085
20569
2139
28385
34850
8477
33560
8972
6552
10918
18198
737
26355
8335
35694
33699
31719
10519
9432
43659
42380
6063
14977
19714
36493
12967
37019
38626
5694
34416
35672
15536
21652
36030
41393
22299
9921
14989
4369
10177
37764
41701
5976
41306
35402
34915
4566
4133
11131
30568
10136
38155
15551
13888
33655
9452
19831
10095
32530
19950
38493
1107
13845
10912
29147
22092
8230
2478
22430
29397
17425
10494
1799
787
13211
10872
1414
16284
43593
30651
1487
20269
22877
35032
7632
33484
23089
34268
43555
37844
32234
3769
9128
19976
16025
38850
17686
12121
6784
16575
7793
14775
7478
27399
17850
13057
20400
2937
15378
15640
25895
28603
38159
15031
12838
14262
15169
22751
21119
26096
1479
14065
2048
43591
37312
35007
9625
18916
13619
10832
40323
30709
8359
31869
20280
42164
27315
15523
12786
3312
14107
42829
2269
6864
1449
19695
37096
33048
25257
16384
11730
39452
32406
20979
26714
33031
30824
15176
3444
14009
35275
974
24147
36854
33750
24551
19948
12623
30628
37427
15140
22636
35764
19013
25685
33361
14358
41433
20073
27723
22487
42359
4244
12714
22049
32007
23265
33043
7257
14967
36202
15236
22946
11006
30885
24795
27093
7967
257
3532
28811
21769
2486
2875
25288
9782
5742
16173
2907
22699
972
43438
11986
13686
37431
883
2846
42319
43080
21107
3243
5376
20500
28146
40628
17958
20557
21385
6692
23106
24652
29524
31370
8621
28206
22936
27472
18896
36172
19670
15906
25787
43117
15185
41219
8558
13188
22090
11537
5990
39829
14949
24777
27227
32410
34494
18820
17849
39340
39941
5329
12154
31391
13541
16616
33742
21210
24255
4733
6770
5460
17492
34424
43721
24605
43324
24895
10673
3129
24364
20211
21585
28991
10571
25916
12395
23765
12722
11356
22932
5832
9218
30944
8919
13099
9557
34284
23837
28303
8030
41055
13618
11501
1251
12238
26321
17613
25757
28289
37049
34161
37302
41121
26020
25635
11434
22989
137
14090
7403
42866
39441
39396
19560
13705
18545
36047
2415
15121
1346
27917
34478
19255
27290
9248
9772
17633
1703
763
37715
30480
771
25473
41845
17231
3594
23226
31293
12745
29736
28685
21358
8883
258
25318
40884
38664
1244
5684
2492
12921
16429
12059
16450
25974
5870
5080
4144
6261
34471
5142
1093
8284
20431
14659
24919
4066
5444
7033
36156
16765
15152
18945
16152
10230
4709
6777
38856
3703
11682
4952
3909
19628
16397
16396
28296
7769
28693
39594
1664
42493
22046
24584
37263
11951
19131
9670
32
42906
25223
30313
11550
34421
24341
39820
820
18615
40954
36776
3413
19677
13923
20341
22662
3855
35289
2326
8774
26424
8297
33896
8393
39473
9026
23686
40746
18412
14696
34691
14626
40280
38023
420
36093
27277
38478
13823
27301
4930
22911
37185
40287
30928
24744
17000
26876
9654
1028
23488
6328
12035
28338
1584
41249
9900
34144
11342
28176
13920
24053
40807
41144
37083
23679
11117
38883
38492
13804
5687
2476
29732
27605
9181
31800
30090
36137
30452
3795
31961
9146
743
21352
40547
25502
28237
24897
19898
9394
15866
37327
1431
22280
29356
15933
42330
19881
32288
40651
26333
30004
42926
26029
43138
32098
13529
12020
22469
2632
43462
22023
3344
40331
1665
3407
14810
2969
30293
38512
31766
17066
31534
33111
36840
14413
37227
9779
10508
19193
25813
5304
30365
4749
41176
33297
24418
34970
37071
22875
38090
35728
33094
41580
41069
38019
34792
20677
12012
8488
31991
33268
31435
24622
19511
12864
23515
15272
25845
37374
14063
5852
30654
22803
30432
22980
31386
39024
43004
30121
26336
18395
17305
17096
20529
11720
14812
26821
39668
6925
7500
6699
1348
16156
30642
13994
9628
33443
19073
36684
24799
37942
32711
29961
36280
18657
25624
32802
5029
38480
29699
43731
385
10934
43295
22288
27794
34080
43607
7017
28333
22975
26206
20326
42270
22665
34596
42526
12732
40924
28550
29891
1968
29097
37186
34717
39780
23930
35867
41530
12875
39159
29295
32977
36198
41081
34898
42256
7301
19230
6805
7452
1634
20608
14689
40479
6147
28706
39480
36858
3478
5324
43491
13661
11886
4319
34430
43317
42888
13504
34624
11520
540
5471
38229
39114
41994
31559
34842
6658
28802
9591
8717
4971
35237
41536
19655
32050
39059
38792
11839
2421
37871
17271
19735
42309
16749
8572
28674
19568
8202
42582
24563
22178
26791
3266
34128
22263
14432
27509
22580
39837
16798
10623
38347
24296
5353
34543
11629
25882
11099
21757
6782
39878
445
28017
43765
11845
26593
31855
27627
39720
34453
14701
35217
31676
41163
26528
10458
35870
22790
37101
20648
30472
24552
22581
18353
12868
5612
20900
17519
20011
17567
7929
10341
527
24951
29997
16493
36211
12113
42080
39270
23590
24601
36783
15998
4968
28042
477
11503
12789
35006
31805
31289
4714
11194
24645
12788
35958
16530
43403
22793
10262
18304
21289
19896
1501
13259
5417
36000
38030
36411
38563
31195
20753
15837
20956
10250
25399
10528
1880
7274
29775
27658
30873
18480
22463
17269
22687
10365
525
25505
29906
36917
40931
17265
7076
26227
7504
5812
17391
12352
33319
21541
43286
19459
32905
43701
39587
13606
21383
15588
6348
1545
14634
9893
39218
26271
11269
33967
5038
25443
36157
42849
3251
38242
13953
1983
42632
40359
12739
12905
14945
2183
22444
25851
7394
30451
2776
42871
39585
11715
37260
21705
18873
13039
24588
32275
9407
31084
42536
41476
23900
14416
42306
14438
20177
35231
1021
11728
24523
38804
39508
32853
33997
17210
36523
21880
5028
9228
1752
19954
14250
10297
11860
31786
1011
36371
5545
588
39164
19813
34620
35385
4486
10968
26061
19374
6160
1419
6667
28037
9416
33974
32299
24876
4936
41908
38243
22730
31290
25975
30662
4730
18955
22634
25925
1599
26290
33272
29063
43290
29741
43356
10688
18724
26715
3351
5591
31036
32952
33517
7727
5033
32525
6808
21882
18150
31170
26179
3423
22689
7560
401
36765
8881
34383
28723
2085
18493
28720
37675
10987
7724
40557
29280
14770
37671
35083
2957
28228
40464
16620
43221
28779
21220
32669
42711
15221
2288
20948
5602
10858
11428
43164
12650
14369
3107
1148
8159
7277
23493
38303
6838
7496
41375
10778
34234
368
12336
9197
22705
12388
8841
26158
15492
740
10201
36256
42506
29678
33769
38080
23421
31463
19204
35886
21439
25960
27261
21089
2864
41374
841
12078
11125
6404
41277
34985
6547
32719
23878
19460
29046
13595
15502
38523
14445
37635
32985
13907
28699
20393
6631
27685
16345
32212
9785
30207
9786
19488
31222
42454
12004
13926
13598
7887
27986
12635
12615
37521
12823
38282
27452
14758
11247
28193
32286
29485
9214
33969
12506
33079
30526
2674
36393
4977
19309
36257
5603
13387
17638
36933
81
11602
34755
5395
32392
7258
4644
42395
9361
22805
19164
2035
37884
35344
9875
34525
32670
30500
12354
22330
35222
17251
30769
35021
27371
18428
3661
14495
39842
42148
15266
23490
22303
42161
5228
27364
23295
25906
29578
5874
17667
5923
13868
14208
43518
73
18379
31231
21277
672
39244
40565
3193
1135
22585
43552
13108
25815
13195
36456
32003
23591
39292
443
4241
42566
35746
34029
6951
11825
25012
41547
321
6077
38774
41496
17836
17650
24012
23366
25188
23402
10178
14801
22160
8290
39789
13232
36361
6582
34517
6153
19340
43770
17653
33905
14794
38419
5656
9691
25896
8546
11599
31447
7290
28059
12968
28689
28224
36886
29374
39448
7295
16303
10399
2629
16598
26171
22541
15851
43174
20703
608
23722
12091
13636
19133
8197
34869
29867
20281
23649
41024
2955
13330
2623
20629
15517
39555
38153
17760
27537
20247
7871
24745
12564
41284
38865
32629
42949
29900
7694
2584
17663
11093
35938
22425
790
13426
40521
7382
42733
4091
5134
16822
30142
17765
1331
16733
26211
29742
39742
22774
32044
2494
20670
12181
37980
22119
20680
16674
26960
31050
16029
34309
41199
5236
16677
12890
36338
29404
29691
17727
17175
34642
4785
34222
27251
32872
5705
23142
7044
374
32033
43288
18201
11275
32385
25652
33394
8266
23293
34996
39709
42681
1210
22499
3905
25921
9488
3165
34279
24114
7943
7897
43621
24903
22893
6278
26184
12320
5075
4888
38700
12300
9882
27559
17950
19477
37846
12649
12661
8430
30998
41149
1699
1663
29532
22233
35252
42765
12997
14122
29329
22828
17467
8627
40091
11079
36704
20877
15303
23234
3019
21979
11882
33697
5014
37066
15861
18422
11763
28242
26796
43435
1342
31926
3701
30906
39840
23669
245
35789
43293
18736
14019
28462
10321
21284
2678
25348
17701
4776
35565
36900
6232
21850
13212
34904
12329
16911
8147
26890
25626
28886
23739
37944
7828
34692
3553
11075
30696
26541
728
6477
24521
28352
24757
18221
16285
20370
32398
11709
17841
42186
27298
32367
28619
19039
22775
24610
24872
40441
42859
2579
42463
26653
15043
7524
30495
17609
35042
2507
37937
7942
43040
25033
21936
11935
19810
27142
10229
42997
26701
18484
8742
7987
12826
21997
23033
11490
24666
15103
33703
8775
5886
43479
22953
38398
40236
24479
17084
7715
9399
23678
7094
38803
37386
4804
4955
14194
3899
9712
24370
17487
18596
17587
4181
11145
27398
16320
14410
31480
34668
1944
4933
37375
9750
42886
26966
29399
40156
26287
13572
42510
26391
26070
313
16690
37906
31497
34662
17783
42826
15335
15920
19826
3846
17003
23983
13816
39559
10209
19781
18757
4346
29682
43118
32803
28656
42511
21665
25143
355
5586
22278
2031
41203
32046
878
29225
13036
9193
6044
19546
12899
41659
18281
38569
27772
337
5972
23300
2213
30355
41262
36935
5145
20248
23328
15835
9620
36584
23982
22398
39099
43661
39939
31742
14169
11316
25648
16087
5234
26374
2994
1173
1256
6747
16739
12217
26233
31001
30812
2635
11369
22419
38026
4925
5633
36551
12638
41696
3473
17400
2190
22570
25118
15340
19311
41743
24242
22684
656
24166
41185
10759
36368
20252
13149
40907
20997
29734
30095
28796
25938
16580
29905
4379
29558
1214
27022
16339
10920
14833
23384
35508
42599
16838
14147
10559
10613
9445
3670
11552
6935
33132
24525
10670
2888
11606
23054
17134
36249
5050
32730
12603
14249
517
27946
12092
30470
32783
22246
38743
27179
31232
29994
15771
5391
12445
23389
2621
25148
6907
40083
27801
14056
28425
3726
5110
2607
24131
6263
13375
1258
42056
17065
38197
6812
29403
34347
37371
15432
8453
12288
20029
28786
32604
29418
15645
38576
11546
14486
37102
23395
17475
43525
20462
42040
12543
15098
33630
35902
31060
43445
37605
22075
35028
13933
30350
24361
29178
6973
8437
9581
20277
4045
6614
41755
17807
14352
21270
31240
16969
27338
11904
12375
33041
24557
34566
6292
23378
21187
1590
15083
12606
15228
23986
27677
43253
37105
12869
30634
35071
33795
3799
42033
2252
24559
5250
8219
12917
33719
10129
15476
32769
40291
16449
2337
10115
28280
4822
11595
6078
2220
42848
33108
36491
4641
15123
36044
9680
32617
10142
13048
32595
18109
19205
39798
36716
5202
43321
23707
41723
10650
21916
43626
26981
2917
35015
31501
43420
30625
6963
36698
11278
23866
28482
34890
33088
43273
23847
9043
7717
41097
34073
34290
35342
28430
39440
6521
10821
30612
41292
2171
6671
20076
37821
23799
29486
13325
21311
26309
23067
3427
27308
33380
25494
16713
22366
32732
5801
29469
4076
5928
20834
19718
37945
5356
38557
3619
34390
18038
19915
24958
26203
15346
27049
16625
11856
29693
27555
30559
36940
21083
10860
12766
6067
22165
38207
30037
38706
35369
2791
40386
10699
43399
3539
32311
17200
31828
32313
34927
30206
2096
17533
17009
38658
2052
34338
12142
34708
7356
15793
41708
15348
30722
18604
15756
17479
31918
31172
38682
34342
23529
16361
4715
33006
25211
659
12281
33406
41252
35290
40526
25114
31288
27724
21809
1622
16559
13170
19765
33370
19425
38505
35677
40482
159
31493
16329
19161
18822
37040
13667
15006
18489
19869
32419
1939
24196
40858
15049
12757
6337
4405
39111
32303
29143
17488
32706
30860
4984
26902
41128
7045
37016
853
41537
3716
1743
10621
1815
27870
23441
3780
17340
12648
28518
14774
833
13563
5421
28063
29675
22777
27139
3956
4250
490
1339
727
36438
19479
15251
37207
26563
25259
23600
14484
33410
29778
18866
22637
34119
38809
9065
13332
23762
38054
14088
35748
16089
25996
8745
6329
34168
40912
37242
1060
19758
15684
34926
35847
21823
17184
32662
6825
34536
30680
25029
34567
24058
13939
14111
29182
6303
981
11169
24613
7153
35534
6538
10311
1974
43564
34720
8596
31987
18087
7492
21183
22808
10736
30780
15297
9467
29349
2316
16801
34116
38390
36661
3369
25501
41468
20524
5402
31242
6
34544
28064
37604
27653
42115
43333
18142
29355
25103
22484
38200
37286
3307
24379
225
36601
8459
43300
27493
2497
15560
14755
42702
37258
27691
3468
4339
36692
14031
23726
38208
30759
1287
10267
3284
26499
3338
34304
14312
4534
95
37206
1456
43233
24653
27260
40834
27445
3040
4382
23138
30711
7872
18207
21486
14265
9814
13412
28067
2734
40490
7566
13204
20350
3298
19483
22235
21723
29135
2806
4227
27441
11314
9287
38732
22036
8123
7651
16351
29536
18547
31526
37946
26847
23379
9911
2179
36111
11165
43166
12418
18057
19666
22848
1619
7557
25727
40495
15773
6862
27454
10452
29637
19091
27686
5815
22217
22682
33119
3960
20359
27258
38554
10833
31009
32982
11572
30537
36971
12298
38638
24026
3088
43596
42487
1661
4985
38558
2801
23611
14875
24758
1202
8198
29714
17035
5818
3572
11693
4083
38964
37355
19713
28231
26572
17208
26792
37446
13163
1421
15447
37655
41589
8179
6486
6252
43736
7569
29296
18639
31944
37462
10367
7510
36398
23936
35990
38122
30850
19841
25637
19144
16310
38692
34414
41441
4986
35600
25519
34931
36150
4919
15159
19478
10813
17767
43407
25363
37552
6565
38653
6738
27922
3463
33848
29538
19299
41104
18800
34327
35154
24499
34570
36847
11012
31735
9082
40568
40581
8949
40963
20291
14603
4883
36212
40540
28587
30156
43542
23633
3878
42246
20444
8900
25278
40338
12485
5628
8195
16290
29785
22489
14756
1061
7988
20257
9569
13983
16788
17463
25042
4212
2963
24027
7691
9957
14895
38015
21410
13228
1730
2520
28915
43359
35270
23793
41426
23074
30524
22645
6026
36871
40535
22573
3723
36558
1435
39723
39431
39535
27400
9598
5606
21451
28266
12499
43325
23448
36385
6583
16036
4543
17090
28750
38617
27340
14341
32176
25237
28727
30777
15074
32164
16294
32188
19181
43693
16742
31193
1160
9971
41560
19260
39787
22915
15750
21415
34274
40602
15679
34224
39347
5276
1462
24841
36296
8654
41741
27365
7665
4408
31077
4305
4020
35468
6146
19637
41620
17351
22716
21046
28166
40221
17019
33526
23396
36699
28540
26461
18595
23303
28710
23648
753
2102
30393
24354
3196
1932
33465
41810
6544
20595
34125
3465
15382
40009
42898
11305
39067
8346
25496
5312
7228
33349
21660
4032
11475
34924
24387
34606
8248
19481
2090
27557
23711
8649
4418
1141
10539
1018
39236
22205
29567
11955
15970
34946
35430
14175
30224
1103
34874
36849
3823
13765
13432
32998
34446
35662
37782
34480
16590
10802
8689
39618
15269
1635
5492
41502
41804
13714
41681
37939
32470
32576
36304
29192
39527
24566
29951
6819
20517
24294
8390
26841
36432
39110
12784
21258
24433
8698
6168
27951
29724
11840
29334
16401
38045
25950
20806
19025
8012
32692
16376
18039
27759
23640
18497
41388
37084
35927
22628
39419
40028
42367
33422
31022
37484
5358
10278
8597
21095
28230
8635
1375
40563
22029
25774
8379
2431
31637
6293
21657
26776
25176
26284
38758
24999
23716
27415
42984
30181
23507
38481
37538
40828
21581
27839
25567
20184
26982
28707
8362
2229
30986
3479
2156
4768
9027
34417
40016
34873
13254
18474
10563
16331
35542
43666
13436
12872
10691
27533
548
1522
37032
43171
42331
38620
23471
7366
4230
34200
15653
7807
846
2878
19473
7782
10203
25113
36864
12089
4055
20797
16073
31148
27908
29804
14564
38249
30891
22921
24575
37081
34673
10080
38130
23663
32915
40404
10743
18423
35239
41716
3391
17728
1121
34372
621
11461
24213
16627
27491
30103
35620
15007
42264
10218
538
27196
7908
20311
40433
416
41646
21849
19103
35118
11033
25765
29721
40879
3571
24438
8934
40025
6523
32572
12945
1319
36833
15951
39048
16815
18468
19476
9281
43235
36072
19456
25859
31451
2106
37879
10780
39156
3951
28287
25359
18391
17630
14943
26062
27098
11190
33433
30263
43466
13280
32336
8325
42562
31813
15825
38384
31314
12224
36066
3326
42521
26371
42405
11789
32882
1659
15399
15573
34777
7249
6051
18793
30478
26208
3152
459
17624
38636
1254
14552
43708
23243
31768
21487
38955
19938
17352
27083
37417
31340
30868
40586
16134
554
40017
28299
24060
7662
42967
41365
6331
6856
30509
36596
27722
21443
24041
30758
32318
8907
42344
12226
24043
26948
38244
5910
9120
38891
42754
26465
41645
30200
25879
19671
11944
1156
32754
2129
324
20174
6340
7005
9007
43326
23770
32663
29917
10995
30139
5646
29580
2294
21680
12663
5122
36536
13836
24816
14908
1774
2697
6491
16854
19349
20598
25411
4027
23167
22866
28501
9721
9161
25562
26899
15710
35944
3115
9117
5975
22874
2667
5131
4469
5291
22062
42919
14757
20214
14393
67
30716
16266
10285
10292
42764
39379
30950
34651
30994
4334
26616
4897
30529
27847
12299
21649
24798
22507
35073
40723
10237
26881
16952
15167
39439
23204
34479
41588
30346
4131
3261
7770
3242
32979
14830
1675
6964
4941
28126
28334
5008
4755
7974
2652
30291
5414
41053
16558
4442
40790
4696
3204
13757
16242
16825
27020
4629
17102
22572
28139
13074
28402
18790
8522
41390
28241
25416
14911
15107
